0;0,1.07;0,1.33;0,2.34;*
1;0,1.07;0,1.33;0,2.34;*
1.03;0,1.07;0,1.33;0,2.34;*
1.05;0,1.07;0,1.33;0,2.34;*
1.07;0,1.07;0,1.33;0,2.34;*
1.1;1.1,1.15;0,1.33;0,2.34;*
1.12;1.1,1.15;0,1.33;0,2.34;*
1.13;1.1,1.15;0,1.33;0,2.34;*
1.14;1.1,1.15;0,1.33;0,2.34;*
1.15;1.1,1.15;0,1.33;0,2.34;*
1.17;1.17,1.21;0,1.33;0,2.34;*
1.18;1.17,1.21;0,1.33;0,2.34;*
1.19;1.17,1.21;0,1.33;0,2.34;*
1.2;1.17,1.21;0,1.33;0,2.34;*
1.21;1.17,1.21;0,1.33;0,2.34;*
1.23;1.23,1.28;0,1.33;0,2.34;*
1.24;1.23,1.28;0,1.33;0,2.34;*
1.25;1.23,1.28;0,1.33;0,2.34;*
1.26;1.23,1.28;0,1.33;0,2.34;*
1.28;1.23,1.28;0,1.33;0,2.34;*
1.29;1.29,1.33;0,1.33;0,2.34;*
1.3;1.29,1.33;0,1.33;0,2.34;*
1.31;1.29,1.33;0,1.33;0,2.34;*
1.32;1.29,1.33;0,1.33;0,2.34;*
1.33;1.29,1.33;0,1.33;0,2.34;*
1.34;1.34,1.38;1.34,1.58;0,2.34;*
1.35;1.34,1.38;1.34,1.58;0,2.34;*
1.36;1.34,1.38;1.34,1.58;0,2.34;*
1.37;1.34,1.38;1.34,1.58;0,2.34;*
1.38;1.34,1.38;1.34,1.58;0,2.34;*
1.39;1.39,1.43;1.34,1.58;0,2.34;*
1.4;1.39,1.43;1.34,1.58;0,2.34;*
1.41;1.39,1.43;1.34,1.58;0,2.34;*
1.42;1.39,1.43;1.34,1.58;0,2.34;*
1.43;1.39,1.43;1.34,1.58;0,2.34;*
1.44;1.44,1.48;1.34,1.58;0,2.34;*
1.45;1.44,1.48;1.34,1.58;0,2.34;*
1.46;1.44,1.48;1.34,1.58;0,2.34;*
1.47;1.44,1.48;1.34,1.58;0,2.34;*
1.48;1.44,1.48;1.34,1.58;0,2.34;*
1.49;1.49,1.53;1.34,1.58;0,2.34;*
1.5;1.49,1.53;1.34,1.58;0,2.34;*
1.51;1.49,1.53;1.34,1.58;0,2.34;*
1.52;1.49,1.53;1.34,1.58;0,2.34;*
1.53;1.49,1.53;1.34,1.58;0,2.34;*
1.54;1.54,1.58;1.34,1.58;0,2.34;*
1.55;1.54,1.58;1.34,1.58;0,2.34;*
1.56;1.54,1.58;1.34,1.58;0,2.34;*
1.57;1.54,1.58;1.34,1.58;0,2.34;*
1.58;1.54,1.58;1.34,1.58;0,2.34;*
1.59;1.59,1.63;1.59,1.83;0,2.34;*
1.6;1.59,1.63;1.59,1.83;0,2.34;*
1.61;1.59,1.63;1.59,1.83;0,2.34;*
1.62;1.59,1.63;1.59,1.83;0,2.34;*
1.63;1.59,1.63;1.59,1.83;0,2.34;*
1.64;1.64,1.68;1.59,1.83;0,2.34;*
1.65;1.64,1.68;1.59,1.83;0,2.34;*
1.66;1.64,1.68;1.59,1.83;0,2.34;*
1.67;1.64,1.68;1.59,1.83;0,2.34;*
1.68;1.64,1.68;1.59,1.83;0,2.34;*
1.69;1.69,1.73;1.59,1.83;0,2.34;*
1.7;1.69,1.73;1.59,1.83;0,2.34;*
1.71;1.69,1.73;1.59,1.83;0,2.34;*
1.72;1.69,1.73;1.59,1.83;0,2.34;*
1.73;1.69,1.73;1.59,1.83;0,2.34;*
1.74;1.74,1.78;1.59,1.83;0,2.34;*
1.75;1.74,1.78;1.59,1.83;0,2.34;*
1.76;1.74,1.78;1.59,1.83;0,2.34;*
1.77;1.74,1.78;1.59,1.83;0,2.34;*
1.78;1.74,1.78;1.59,1.83;0,2.34;*
1.79;1.79,1.83;1.59,1.83;0,2.34;*
1.8;1.79,1.83;1.59,1.83;0,2.34;*
1.81;1.79,1.83;1.59,1.83;0,2.34;*
1.82;1.79,1.83;1.59,1.83;0,2.34;*
1.83;1.79,1.83;1.59,1.83;0,2.34;*
1.84;1.84,1.88;1.84,2.09;0,2.34;*
1.85;1.84,1.88;1.84,2.09;0,2.34;*
1.86;1.84,1.88;1.84,2.09;0,2.34;*
1.87;1.84,1.88;1.84,2.09;0,2.34;*
1.88;1.84,1.88;1.84,2.09;0,2.34;*
1.89;1.89,1.93;1.84,2.09;0,2.34;*
1.9;1.89,1.93;1.84,2.09;0,2.34;*
1.91;1.89,1.93;1.84,2.09;0,2.34;*
1.92;1.89,1.93;1.84,2.09;0,2.34;*
1.93;1.89,1.93;1.84,2.09;0,2.34;*
1.94;1.94,1.98;1.84,2.09;0,2.34;*
1.95;1.94,1.98;1.84,2.09;0,2.34;*
1.96;1.94,1.98;1.84,2.09;0,2.34;*
1.97;1.94,1.98;1.84,2.09;0,2.34;*
1.98;1.94,1.98;1.84,2.09;0,2.34;*
2;2,2.04;1.84,2.09;0,2.34;*
2.01;2,2.04;1.84,2.09;0,2.34;*
2.02;2,2.04;1.84,2.09;0,2.34;*
2.03;2,2.04;1.84,2.09;0,2.34;*
2.04;2,2.04;1.84,2.09;0,2.34;*
2.05;2.05,2.09;1.84,2.09;0,2.34;*
2.06;2.05,2.09;1.84,2.09;0,2.34;*
2.07;2.05,2.09;1.84,2.09;0,2.34;*
2.08;2.05,2.09;1.84,2.09;0,2.34;*
2.09;2.05,2.09;1.84,2.09;0,2.34;*
2.1;2.1,2.14;2.1,2.34;0,2.34;*
2.11;2.1,2.14;2.1,2.34;0,2.34;*
2.12;2.1,2.14;2.1,2.34;0,2.34;*
2.13;2.1,2.14;2.1,2.34;0,2.34;*
2.14;2.1,2.14;2.1,2.34;0,2.34;*
2.15;2.15,2.19;2.1,2.34;0,2.34;*
2.16;2.15,2.19;2.1,2.34;0,2.34;*
2.17;2.15,2.19;2.1,2.34;0,2.34;*
2.18;2.15,2.19;2.1,2.34;0,2.34;*
2.19;2.15,2.19;2.1,2.34;0,2.34;*
2.2;2.2,2.24;2.1,2.34;0,2.34;*
2.21;2.2,2.24;2.1,2.34;0,2.34;*
2.22;2.2,2.24;2.1,2.34;0,2.34;*
2.23;2.2,2.24;2.1,2.34;0,2.34;*
2.24;2.2,2.24;2.1,2.34;0,2.34;*
2.25;2.25,2.29;2.1,2.34;0,2.34;*
2.26;2.25,2.29;2.1,2.34;0,2.34;*
2.27;2.25,2.29;2.1,2.34;0,2.34;*
2.28;2.25,2.29;2.1,2.34;0,2.34;*
2.29;2.25,2.29;2.1,2.34;0,2.34;*
2.3;2.3,2.34;2.1,2.34;0,2.34;*
2.31;2.3,2.34;2.1,2.34;0,2.34;*
2.32;2.3,2.34;2.1,2.34;0,2.34;*
2.33;2.3,2.34;2.1,2.34;0,2.34;*
2.34;2.3,2.34;2.1,2.34;0,2.34;*
2.35;2.35,2.39;2.35,2.59;2.35,3.59;*
2.36;2.35,2.39;2.35,2.59;2.35,3.59;*
2.37;2.35,2.39;2.35,2.59;2.35,3.59;*
2.38;2.35,2.39;2.35,2.59;2.35,3.59;*
2.39;2.35,2.39;2.35,2.59;2.35,3.59;*
2.4;2.4,2.44;2.35,2.59;2.35,3.59;*
2.41;2.4,2.44;2.35,2.59;2.35,3.59;*
2.42;2.4,2.44;2.35,2.59;2.35,3.59;*
2.43;2.4,2.44;2.35,2.59;2.35,3.59;*
2.44;2.4,2.44;2.35,2.59;2.35,3.59;*
2.45;2.45,2.49;2.35,2.59;2.35,3.59;*
2.46;2.45,2.49;2.35,2.59;2.35,3.59;*
2.47;2.45,2.49;2.35,2.59;2.35,3.59;*
2.48;2.45,2.49;2.35,2.59;2.35,3.59;*
2.49;2.45,2.49;2.35,2.59;2.35,3.59;*
2.5;2.5,2.54;2.35,2.59;2.35,3.59;*
2.51;2.5,2.54;2.35,2.59;2.35,3.59;*
2.52;2.5,2.54;2.35,2.59;2.35,3.59;*
2.53;2.5,2.54;2.35,2.59;2.35,3.59;*
2.54;2.5,2.54;2.35,2.59;2.35,3.59;*
2.55;2.55,2.59;2.35,2.59;2.35,3.59;*
2.56;2.55,2.59;2.35,2.59;2.35,3.59;*
2.57;2.55,2.59;2.35,2.59;2.35,3.59;*
2.58;2.55,2.59;2.35,2.59;2.35,3.59;*
2.59;2.55,2.59;2.35,2.59;2.35,3.59;*
2.6;2.6,2.64;2.6,2.84;2.35,3.59;*
2.61;2.6,2.64;2.6,2.84;2.35,3.59;*
2.62;2.6,2.64;2.6,2.84;2.35,3.59;*
2.63;2.6,2.64;2.6,2.84;2.35,3.59;*
2.64;2.6,2.64;2.6,2.84;2.35,3.59;*
2.65;2.65,2.69;2.6,2.84;2.35,3.59;*
2.66;2.65,2.69;2.6,2.84;2.35,3.59;*
2.67;2.65,2.69;2.6,2.84;2.35,3.59;*
2.68;2.65,2.69;2.6,2.84;2.35,3.59;*
2.69;2.65,2.69;2.6,2.84;2.35,3.59;*
2.7;2.7,2.74;2.6,2.84;2.35,3.59;*
2.71;2.7,2.74;2.6,2.84;2.35,3.59;*
2.72;2.7,2.74;2.6,2.84;2.35,3.59;*
2.73;2.7,2.74;2.6,2.84;2.35,3.59;*
2.74;2.7,2.74;2.6,2.84;2.35,3.59;*
2.75;2.75,2.79;2.6,2.84;2.35,3.59;*
2.76;2.75,2.79;2.6,2.84;2.35,3.59;*
2.77;2.75,2.79;2.6,2.84;2.35,3.59;*
2.78;2.75,2.79;2.6,2.84;2.35,3.59;*
2.79;2.75,2.79;2.6,2.84;2.35,3.59;*
2.8;2.8,2.84;2.6,2.84;2.35,3.59;*
2.81;2.8,2.84;2.6,2.84;2.35,3.59;*
2.82;2.8,2.84;2.6,2.84;2.35,3.59;*
2.83;2.8,2.84;2.6,2.84;2.35,3.59;*
2.84;2.8,2.84;2.6,2.84;2.35,3.59;*
2.85;2.85,2.89;2.85,3.09;2.35,3.59;*
2.86;2.85,2.89;2.85,3.09;2.35,3.59;*
2.87;2.85,2.89;2.85,3.09;2.35,3.59;*
2.88;2.85,2.89;2.85,3.09;2.35,3.59;*
2.89;2.85,2.89;2.85,3.09;2.35,3.59;*
2.9;2.9,2.94;2.85,3.09;2.35,3.59;*
2.91;2.9,2.94;2.85,3.09;2.35,3.59;*
2.92;2.9,2.94;2.85,3.09;2.35,3.59;*
2.93;2.9,2.94;2.85,3.09;2.35,3.59;*
2.94;2.9,2.94;2.85,3.09;2.35,3.59;*
2.95;2.95,2.99;2.85,3.09;2.35,3.59;*
2.96;2.95,2.99;2.85,3.09;2.35,3.59;*
2.97;2.95,2.99;2.85,3.09;2.35,3.59;*
2.98;2.95,2.99;2.85,3.09;2.35,3.59;*
2.99;2.95,2.99;2.85,3.09;2.35,3.59;*
3;3,3.04;2.85,3.09;2.35,3.59;*
3.01;3,3.04;2.85,3.09;2.35,3.59;*
3.02;3,3.04;2.85,3.09;2.35,3.59;*
3.03;3,3.04;2.85,3.09;2.35,3.59;*
3.04;3,3.04;2.85,3.09;2.35,3.59;*
3.05;3.05,3.09;2.85,3.09;2.35,3.59;*
3.06;3.05,3.09;2.85,3.09;2.35,3.59;*
3.07;3.05,3.09;2.85,3.09;2.35,3.59;*
3.08;3.05,3.09;2.85,3.09;2.35,3.59;*
3.09;3.05,3.09;2.85,3.09;2.35,3.59;*
3.1;3.1,3.14;3.1,3.34;2.35,3.59;*
3.11;3.1,3.14;3.1,3.34;2.35,3.59;*
3.12;3.1,3.14;3.1,3.34;2.35,3.59;*
3.13;3.1,3.14;3.1,3.34;2.35,3.59;*
3.14;3.1,3.14;3.1,3.34;2.35,3.59;*
3.15;3.15,3.19;3.1,3.34;2.35,3.59;*
3.16;3.15,3.19;3.1,3.34;2.35,3.59;*
3.17;3.15,3.19;3.1,3.34;2.35,3.59;*
3.18;3.15,3.19;3.1,3.34;2.35,3.59;*
3.19;3.15,3.19;3.1,3.34;2.35,3.59;*
3.2;3.2,3.24;3.1,3.34;2.35,3.59;*
3.21;3.2,3.24;3.1,3.34;2.35,3.59;*
3.22;3.2,3.24;3.1,3.34;2.35,3.59;*
3.23;3.2,3.24;3.1,3.34;2.35,3.59;*
3.24;3.2,3.24;3.1,3.34;2.35,3.59;*
3.25;3.25,3.29;3.1,3.34;2.35,3.59;*
3.26;3.25,3.29;3.1,3.34;2.35,3.59;*
3.27;3.25,3.29;3.1,3.34;2.35,3.59;*
3.28;3.25,3.29;3.1,3.34;2.35,3.59;*
3.29;3.25,3.29;3.1,3.34;2.35,3.59;*
3.3;3.3,3.34;3.1,3.34;2.35,3.59;*
3.31;3.3,3.34;3.1,3.34;2.35,3.59;*
3.32;3.3,3.34;3.1,3.34;2.35,3.59;*
3.33;3.3,3.34;3.1,3.34;2.35,3.59;*
3.34;3.3,3.34;3.1,3.34;2.35,3.59;*
3.35;3.35,3.39;3.35,3.59;2.35,3.59;*
3.36;3.35,3.39;3.35,3.59;2.35,3.59;*
3.37;3.35,3.39;3.35,3.59;2.35,3.59;*
3.38;3.35,3.39;3.35,3.59;2.35,3.59;*
3.39;3.35,3.39;3.35,3.59;2.35,3.59;*
3.4;3.4,3.44;3.35,3.59;2.35,3.59;*
3.41;3.4,3.44;3.35,3.59;2.35,3.59;*
3.42;3.4,3.44;3.35,3.59;2.35,3.59;*
3.43;3.4,3.44;3.35,3.59;2.35,3.59;*
3.44;3.4,3.44;3.35,3.59;2.35,3.59;*
3.45;3.45,3.49;3.35,3.59;2.35,3.59;*
3.46;3.45,3.49;3.35,3.59;2.35,3.59;*
3.47;3.45,3.49;3.35,3.59;2.35,3.59;*
3.48;3.45,3.49;3.35,3.59;2.35,3.59;*
3.49;3.45,3.49;3.35,3.59;2.35,3.59;*
3.5;3.5,3.54;3.35,3.59;2.35,3.59;*
3.51;3.5,3.54;3.35,3.59;2.35,3.59;*
3.52;3.5,3.54;3.35,3.59;2.35,3.59;*
3.53;3.5,3.54;3.35,3.59;2.35,3.59;*
3.54;3.5,3.54;3.35,3.59;2.35,3.59;*
3.55;3.55,3.59;3.35,3.59;2.35,3.59;*
3.56;3.55,3.59;3.35,3.59;2.35,3.59;*
3.57;3.55,3.59;3.35,3.59;2.35,3.59;*
3.58;3.55,3.59;3.35,3.59;2.35,3.59;*
3.59;3.55,3.59;3.35,3.59;2.35,3.59;*
3.6;3.6,3.64;3.6,3.84;3.6,4.84;*
3.61;3.6,3.64;3.6,3.84;3.6,4.84;*
3.62;3.6,3.64;3.6,3.84;3.6,4.84;*
3.63;3.6,3.64;3.6,3.84;3.6,4.84;*
3.64;3.6,3.64;3.6,3.84;3.6,4.84;*
3.65;3.65,3.69;3.6,3.84;3.6,4.84;*
3.66;3.65,3.69;3.6,3.84;3.6,4.84;*
3.67;3.65,3.69;3.6,3.84;3.6,4.84;*
3.68;3.65,3.69;3.6,3.84;3.6,4.84;*
3.69;3.65,3.69;3.6,3.84;3.6,4.84;*
3.7;3.7,3.74;3.6,3.84;3.6,4.84;*
3.71;3.7,3.74;3.6,3.84;3.6,4.84;*
3.72;3.7,3.74;3.6,3.84;3.6,4.84;*
3.73;3.7,3.74;3.6,3.84;3.6,4.84;*
3.74;3.7,3.74;3.6,3.84;3.6,4.84;*
3.75;3.75,3.79;3.6,3.84;3.6,4.84;*
3.76;3.75,3.79;3.6,3.84;3.6,4.84;*
3.77;3.75,3.79;3.6,3.84;3.6,4.84;*
3.78;3.75,3.79;3.6,3.84;3.6,4.84;*
3.79;3.75,3.79;3.6,3.84;3.6,4.84;*
3.8;3.8,3.84;3.6,3.84;3.6,4.84;*
3.81;3.8,3.84;3.6,3.84;3.6,4.84;*
3.82;3.8,3.84;3.6,3.84;3.6,4.84;*
3.83;3.8,3.84;3.6,3.84;3.6,4.84;*
3.84;3.8,3.84;3.6,3.84;3.6,4.84;*
3.85;3.85,3.89;3.85,4.09;3.6,4.84;*
3.86;3.85,3.89;3.85,4.09;3.6,4.84;*
3.87;3.85,3.89;3.85,4.09;3.6,4.84;*
3.88;3.85,3.89;3.85,4.09;3.6,4.84;*
3.89;3.85,3.89;3.85,4.09;3.6,4.84;*
3.9;3.9,3.94;3.85,4.09;3.6,4.84;*
3.91;3.9,3.94;3.85,4.09;3.6,4.84;*
3.92;3.9,3.94;3.85,4.09;3.6,4.84;*
3.93;3.9,3.94;3.85,4.09;3.6,4.84;*
3.94;3.9,3.94;3.85,4.09;3.6,4.84;*
3.95;3.95,3.99;3.85,4.09;3.6,4.84;*
3.96;3.95,3.99;3.85,4.09;3.6,4.84;*
3.97;3.95,3.99;3.85,4.09;3.6,4.84;*
3.98;3.95,3.99;3.85,4.09;3.6,4.84;*
3.99;3.95,3.99;3.85,4.09;3.6,4.84;*
4;4,4.04;3.85,4.09;3.6,4.84;*
4.01;4,4.04;3.85,4.09;3.6,4.84;*
4.02;4,4.04;3.85,4.09;3.6,4.84;*
4.03;4,4.04;3.85,4.09;3.6,4.84;*
4.04;4,4.04;3.85,4.09;3.6,4.84;*
4.05;4.05,4.09;3.85,4.09;3.6,4.84;*
4.06;4.05,4.09;3.85,4.09;3.6,4.84;*
4.07;4.05,4.09;3.85,4.09;3.6,4.84;*
4.08;4.05,4.09;3.85,4.09;3.6,4.84;*
4.09;4.05,4.09;3.85,4.09;3.6,4.84;*
4.1;4.1,4.14;4.1,4.34;3.6,4.84;*
4.11;4.1,4.14;4.1,4.34;3.6,4.84;*
4.12;4.1,4.14;4.1,4.34;3.6,4.84;*
4.13;4.1,4.14;4.1,4.34;3.6,4.84;*
4.14;4.1,4.14;4.1,4.34;3.6,4.84;*
4.15;4.15,4.19;4.1,4.34;3.6,4.84;*
4.16;4.15,4.19;4.1,4.34;3.6,4.84;*
4.17;4.15,4.19;4.1,4.34;3.6,4.84;*
4.18;4.15,4.19;4.1,4.34;3.6,4.84;*
4.19;4.15,4.19;4.1,4.34;3.6,4.84;*
4.2;4.2,4.24;4.1,4.34;3.6,4.84;*
4.21;4.2,4.24;4.1,4.34;3.6,4.84;*
4.22;4.2,4.24;4.1,4.34;3.6,4.84;*
4.23;4.2,4.24;4.1,4.34;3.6,4.84;*
4.24;4.2,4.24;4.1,4.34;3.6,4.84;*
4.25;4.25,4.29;4.1,4.34;3.6,4.84;*
4.26;4.25,4.29;4.1,4.34;3.6,4.84;*
4.27;4.25,4.29;4.1,4.34;3.6,4.84;*
4.28;4.25,4.29;4.1,4.34;3.6,4.84;*
4.29;4.25,4.29;4.1,4.34;3.6,4.84;*
4.3;4.3,4.34;4.1,4.34;3.6,4.84;*
4.31;4.3,4.34;4.1,4.34;3.6,4.84;*
4.32;4.3,4.34;4.1,4.34;3.6,4.84;*
4.33;4.3,4.34;4.1,4.34;3.6,4.84;*
4.34;4.3,4.34;4.1,4.34;3.6,4.84;*
4.35;4.35,4.39;4.35,4.59;3.6,4.84;*
4.36;4.35,4.39;4.35,4.59;3.6,4.84;*
4.37;4.35,4.39;4.35,4.59;3.6,4.84;*
4.38;4.35,4.39;4.35,4.59;3.6,4.84;*
4.39;4.35,4.39;4.35,4.59;3.6,4.84;*
4.4;4.4,4.44;4.35,4.59;3.6,4.84;*
4.41;4.4,4.44;4.35,4.59;3.6,4.84;*
4.42;4.4,4.44;4.35,4.59;3.6,4.84;*
4.43;4.4,4.44;4.35,4.59;3.6,4.84;*
4.44;4.4,4.44;4.35,4.59;3.6,4.84;*
4.45;4.45,4.49;4.35,4.59;3.6,4.84;*
4.46;4.45,4.49;4.35,4.59;3.6,4.84;*
4.47;4.45,4.49;4.35,4.59;3.6,4.84;*
4.48;4.45,4.49;4.35,4.59;3.6,4.84;*
4.49;4.45,4.49;4.35,4.59;3.6,4.84;*
4.5;4.5,4.54;4.35,4.59;3.6,4.84;*
4.51;4.5,4.54;4.35,4.59;3.6,4.84;*
4.52;4.5,4.54;4.35,4.59;3.6,4.84;*
4.53;4.5,4.54;4.35,4.59;3.6,4.84;*
4.54;4.5,4.54;4.35,4.59;3.6,4.84;*
4.55;4.55,4.59;4.35,4.59;3.6,4.84;*
4.56;4.55,4.59;4.35,4.59;3.6,4.84;*
4.57;4.55,4.59;4.35,4.59;3.6,4.84;*
4.58;4.55,4.59;4.35,4.59;3.6,4.84;*
4.59;4.55,4.59;4.35,4.59;3.6,4.84;*
4.6;4.6,4.64;4.6,4.84;3.6,4.84;*
4.61;4.6,4.64;4.6,4.84;3.6,4.84;*
4.62;4.6,4.64;4.6,4.84;3.6,4.84;*
4.63;4.6,4.64;4.6,4.84;3.6,4.84;*
4.64;4.6,4.64;4.6,4.84;3.6,4.84;*
4.65;4.65,4.69;4.6,4.84;3.6,4.84;*
4.66;4.65,4.69;4.6,4.84;3.6,4.84;*
4.67;4.65,4.69;4.6,4.84;3.6,4.84;*
4.68;4.65,4.69;4.6,4.84;3.6,4.84;*
4.69;4.65,4.69;4.6,4.84;3.6,4.84;*
4.7;4.7,4.74;4.6,4.84;3.6,4.84;*
4.71;4.7,4.74;4.6,4.84;3.6,4.84;*
4.72;4.7,4.74;4.6,4.84;3.6,4.84;*
4.73;4.7,4.74;4.6,4.84;3.6,4.84;*
4.74;4.7,4.74;4.6,4.84;3.6,4.84;*
4.75;4.75,4.79;4.6,4.84;3.6,4.84;*
4.76;4.75,4.79;4.6,4.84;3.6,4.84;*
4.77;4.75,4.79;4.6,4.84;3.6,4.84;*
4.78;4.75,4.79;4.6,4.84;3.6,4.84;*
4.79;4.75,4.79;4.6,4.84;3.6,4.84;*
4.8;4.8,4.84;4.6,4.84;3.6,4.84;*
4.81;4.8,4.84;4.6,4.84;3.6,4.84;*
4.82;4.8,4.84;4.6,4.84;3.6,4.84;*
4.83;4.8,4.84;4.6,4.84;3.6,4.84;*
4.84;4.8,4.84;4.6,4.84;3.6,4.84;*
4.85;4.85,4.89;4.85,5;4.85,5;*
4.86;4.85,4.89;4.85,5;4.85,5;*
4.87;4.85,4.89;4.85,5;4.85,5;*
4.88;4.85,4.89;4.85,5;4.85,5;*
4.89;4.85,4.89;4.85,5;4.85,5;*
4.9;4.9,4.94;4.85,5;4.85,5;*
4.91;4.9,4.94;4.85,5;4.85,5;*
4.92;4.9,4.94;4.85,5;4.85,5;*
4.93;4.9,4.94;4.85,5;4.85,5;*
4.94;4.9,4.94;4.85,5;4.85,5;*
4.95;4.95,4.99;4.85,5;4.85,5;*
4.96;4.95,4.99;4.85,5;4.85,5;*
4.97;4.95,4.99;4.85,5;4.85,5;*
4.98;4.95,4.99;4.85,5;4.85,5;*
4.99;4.95,4.99;4.85,5;4.85,5;*
5;5,5;4.85,5;4.85,5;*
