0;0,4;0,24;0,124;0,624;*
1;0,4;0,24;0,124;0,624;*
2;0,4;0,24;0,124;0,624;*
3;0,4;0,24;0,124;0,624;*
4;0,4;0,24;0,124;0,624;*
5;5,9;0,24;0,124;0,624;*
6;5,9;0,24;0,124;0,624;*
7;5,9;0,24;0,124;0,624;*
8;5,9;0,24;0,124;0,624;*
9;5,9;0,24;0,124;0,624;*
10;10,14;0,24;0,124;0,624;*
11;10,14;0,24;0,124;0,624;*
12;10,14;0,24;0,124;0,624;*
13;10,14;0,24;0,124;0,624;*
14;10,14;0,24;0,124;0,624;*
15;15,19;0,24;0,124;0,624;*
16;15,19;0,24;0,124;0,624;*
17;15,19;0,24;0,124;0,624;*
18;15,19;0,24;0,124;0,624;*
19;15,19;0,24;0,124;0,624;*
20;20,24;0,24;0,124;0,624;*
21;20,24;0,24;0,124;0,624;*
22;20,24;0,24;0,124;0,624;*
23;20,24;0,24;0,124;0,624;*
24;20,24;0,24;0,124;0,624;*
25;25,29;25,49;0,124;0,624;*
26;25,29;25,49;0,124;0,624;*
27;25,29;25,49;0,124;0,624;*
28;25,29;25,49;0,124;0,624;*
29;25,29;25,49;0,124;0,624;*
30;30,34;25,49;0,124;0,624;*
31;30,34;25,49;0,124;0,624;*
32;30,34;25,49;0,124;0,624;*
33;30,34;25,49;0,124;0,624;*
34;30,34;25,49;0,124;0,624;*
35;35,39;25,49;0,124;0,624;*
36;35,39;25,49;0,124;0,624;*
37;35,39;25,49;0,124;0,624;*
38;35,39;25,49;0,124;0,624;*
39;35,39;25,49;0,124;0,624;*
40;40,44;25,49;0,124;0,624;*
41;40,44;25,49;0,124;0,624;*
42;40,44;25,49;0,124;0,624;*
43;40,44;25,49;0,124;0,624;*
44;40,44;25,49;0,124;0,624;*
45;45,49;25,49;0,124;0,624;*
46;45,49;25,49;0,124;0,624;*
47;45,49;25,49;0,124;0,624;*
48;45,49;25,49;0,124;0,624;*
49;45,49;25,49;0,124;0,624;*
50;50,54;50,74;0,124;0,624;*
51;50,54;50,74;0,124;0,624;*
52;50,54;50,74;0,124;0,624;*
53;50,54;50,74;0,124;0,624;*
54;50,54;50,74;0,124;0,624;*
55;55,59;50,74;0,124;0,624;*
56;55,59;50,74;0,124;0,624;*
57;55,59;50,74;0,124;0,624;*
58;55,59;50,74;0,124;0,624;*
59;55,59;50,74;0,124;0,624;*
60;60,64;50,74;0,124;0,624;*
61;60,64;50,74;0,124;0,624;*
62;60,64;50,74;0,124;0,624;*
63;60,64;50,74;0,124;0,624;*
64;60,64;50,74;0,124;0,624;*
65;65,69;50,74;0,124;0,624;*
66;65,69;50,74;0,124;0,624;*
67;65,69;50,74;0,124;0,624;*
68;65,69;50,74;0,124;0,624;*
69;65,69;50,74;0,124;0,624;*
70;70,74;50,74;0,124;0,624;*
71;70,74;50,74;0,124;0,624;*
72;70,74;50,74;0,124;0,624;*
73;70,74;50,74;0,124;0,624;*
74;70,74;50,74;0,124;0,624;*
75;75,79;75,99;0,124;0,624;*
76;75,79;75,99;0,124;0,624;*
77;75,79;75,99;0,124;0,624;*
78;75,79;75,99;0,124;0,624;*
79;75,79;75,99;0,124;0,624;*
80;80,84;75,99;0,124;0,624;*
81;80,84;75,99;0,124;0,624;*
82;80,84;75,99;0,124;0,624;*
83;80,84;75,99;0,124;0,624;*
84;80,84;75,99;0,124;0,624;*
85;85,89;75,99;0,124;0,624;*
86;85,89;75,99;0,124;0,624;*
87;85,89;75,99;0,124;0,624;*
88;85,89;75,99;0,124;0,624;*
89;85,89;75,99;0,124;0,624;*
90;90,94;75,99;0,124;0,624;*
91;90,94;75,99;0,124;0,624;*
92;90,94;75,99;0,124;0,624;*
93;90,94;75,99;0,124;0,624;*
94;90,94;75,99;0,124;0,624;*
95;95,99;75,99;0,124;0,624;*
96;95,99;75,99;0,124;0,624;*
97;95,99;75,99;0,124;0,624;*
98;95,99;75,99;0,124;0,624;*
99;95,99;75,99;0,124;0,624;*
100;100,104;100,124;0,124;0,624;*
101;100,104;100,124;0,124;0,624;*
102;100,104;100,124;0,124;0,624;*
103;100,104;100,124;0,124;0,624;*
104;100,104;100,124;0,124;0,624;*
105;105,109;100,124;0,124;0,624;*
106;105,109;100,124;0,124;0,624;*
107;105,109;100,124;0,124;0,624;*
108;105,109;100,124;0,124;0,624;*
109;105,109;100,124;0,124;0,624;*
110;110,114;100,124;0,124;0,624;*
111;110,114;100,124;0,124;0,624;*
112;110,114;100,124;0,124;0,624;*
113;110,114;100,124;0,124;0,624;*
114;110,114;100,124;0,124;0,624;*
115;115,119;100,124;0,124;0,624;*
116;115,119;100,124;0,124;0,624;*
117;115,119;100,124;0,124;0,624;*
118;115,119;100,124;0,124;0,624;*
119;115,119;100,124;0,124;0,624;*
120;120,124;100,124;0,124;0,624;*
121;120,124;100,124;0,124;0,624;*
122;120,124;100,124;0,124;0,624;*
123;120,124;100,124;0,124;0,624;*
124;120,124;100,124;0,124;0,624;*
125;125,129;125,149;125,249;0,624;*
126;125,129;125,149;125,249;0,624;*
127;125,129;125,149;125,249;0,624;*
128;125,129;125,149;125,249;0,624;*
129;125,129;125,149;125,249;0,624;*
130;130,134;125,149;125,249;0,624;*
131;130,134;125,149;125,249;0,624;*
132;130,134;125,149;125,249;0,624;*
133;130,134;125,149;125,249;0,624;*
134;130,134;125,149;125,249;0,624;*
135;135,139;125,149;125,249;0,624;*
136;135,139;125,149;125,249;0,624;*
137;135,139;125,149;125,249;0,624;*
138;135,139;125,149;125,249;0,624;*
139;135,139;125,149;125,249;0,624;*
140;140,144;125,149;125,249;0,624;*
141;140,144;125,149;125,249;0,624;*
142;140,144;125,149;125,249;0,624;*
143;140,144;125,149;125,249;0,624;*
144;140,144;125,149;125,249;0,624;*
145;145,149;125,149;125,249;0,624;*
146;145,149;125,149;125,249;0,624;*
147;145,149;125,149;125,249;0,624;*
148;145,149;125,149;125,249;0,624;*
149;145,149;125,149;125,249;0,624;*
150;150,154;150,174;125,249;0,624;*
151;150,154;150,174;125,249;0,624;*
152;150,154;150,174;125,249;0,624;*
153;150,154;150,174;125,249;0,624;*
154;150,154;150,174;125,249;0,624;*
155;155,159;150,174;125,249;0,624;*
156;155,159;150,174;125,249;0,624;*
157;155,159;150,174;125,249;0,624;*
158;155,159;150,174;125,249;0,624;*
159;155,159;150,174;125,249;0,624;*
160;160,164;150,174;125,249;0,624;*
161;160,164;150,174;125,249;0,624;*
162;160,164;150,174;125,249;0,624;*
163;160,164;150,174;125,249;0,624;*
164;160,164;150,174;125,249;0,624;*
165;165,169;150,174;125,249;0,624;*
166;165,169;150,174;125,249;0,624;*
167;165,169;150,174;125,249;0,624;*
168;165,169;150,174;125,249;0,624;*
169;165,169;150,174;125,249;0,624;*
170;170,174;150,174;125,249;0,624;*
171;170,174;150,174;125,249;0,624;*
172;170,174;150,174;125,249;0,624;*
173;170,174;150,174;125,249;0,624;*
174;170,174;150,174;125,249;0,624;*
175;175,179;175,199;125,249;0,624;*
176;175,179;175,199;125,249;0,624;*
177;175,179;175,199;125,249;0,624;*
178;175,179;175,199;125,249;0,624;*
179;175,179;175,199;125,249;0,624;*
180;180,184;175,199;125,249;0,624;*
181;180,184;175,199;125,249;0,624;*
182;180,184;175,199;125,249;0,624;*
183;180,184;175,199;125,249;0,624;*
184;180,184;175,199;125,249;0,624;*
185;185,189;175,199;125,249;0,624;*
186;185,189;175,199;125,249;0,624;*
187;185,189;175,199;125,249;0,624;*
188;185,189;175,199;125,249;0,624;*
189;185,189;175,199;125,249;0,624;*
190;190,194;175,199;125,249;0,624;*
191;190,194;175,199;125,249;0,624;*
192;190,194;175,199;125,249;0,624;*
193;190,194;175,199;125,249;0,624;*
194;190,194;175,199;125,249;0,624;*
195;195,199;175,199;125,249;0,624;*
196;195,199;175,199;125,249;0,624;*
197;195,199;175,199;125,249;0,624;*
198;195,199;175,199;125,249;0,624;*
199;195,199;175,199;125,249;0,624;*
200;200,204;200,224;125,249;0,624;*
201;200,204;200,224;125,249;0,624;*
202;200,204;200,224;125,249;0,624;*
203;200,204;200,224;125,249;0,624;*
204;200,204;200,224;125,249;0,624;*
205;205,209;200,224;125,249;0,624;*
206;205,209;200,224;125,249;0,624;*
207;205,209;200,224;125,249;0,624;*
208;205,209;200,224;125,249;0,624;*
209;205,209;200,224;125,249;0,624;*
210;210,214;200,224;125,249;0,624;*
211;210,214;200,224;125,249;0,624;*
212;210,214;200,224;125,249;0,624;*
213;210,214;200,224;125,249;0,624;*
214;210,214;200,224;125,249;0,624;*
215;215,219;200,224;125,249;0,624;*
216;215,219;200,224;125,249;0,624;*
217;215,219;200,224;125,249;0,624;*
218;215,219;200,224;125,249;0,624;*
219;215,219;200,224;125,249;0,624;*
220;220,224;200,224;125,249;0,624;*
221;220,224;200,224;125,249;0,624;*
222;220,224;200,224;125,249;0,624;*
223;220,224;200,224;125,249;0,624;*
224;220,224;200,224;125,249;0,624;*
225;225,229;225,249;125,249;0,624;*
226;225,229;225,249;125,249;0,624;*
227;225,229;225,249;125,249;0,624;*
228;225,229;225,249;125,249;0,624;*
229;225,229;225,249;125,249;0,624;*
230;230,234;225,249;125,249;0,624;*
231;230,234;225,249;125,249;0,624;*
232;230,234;225,249;125,249;0,624;*
233;230,234;225,249;125,249;0,624;*
234;230,234;225,249;125,249;0,624;*
235;235,239;225,249;125,249;0,624;*
236;235,239;225,249;125,249;0,624;*
237;235,239;225,249;125,249;0,624;*
238;235,239;225,249;125,249;0,624;*
239;235,239;225,249;125,249;0,624;*
240;240,244;225,249;125,249;0,624;*
241;240,244;225,249;125,249;0,624;*
242;240,244;225,249;125,249;0,624;*
243;240,244;225,249;125,249;0,624;*
244;240,244;225,249;125,249;0,624;*
245;245,249;225,249;125,249;0,624;*
246;245,249;225,249;125,249;0,624;*
247;245,249;225,249;125,249;0,624;*
248;245,249;225,249;125,249;0,624;*
249;245,249;225,249;125,249;0,624;*
250;250,254;250,274;250,374;0,624;*
251;250,254;250,274;250,374;0,624;*
252;250,254;250,274;250,374;0,624;*
253;250,254;250,274;250,374;0,624;*
254;250,254;250,274;250,374;0,624;*
255;255,259;250,274;250,374;0,624;*
256;255,259;250,274;250,374;0,624;*
257;255,259;250,274;250,374;0,624;*
258;255,259;250,274;250,374;0,624;*
259;255,259;250,274;250,374;0,624;*
260;260,264;250,274;250,374;0,624;*
261;260,264;250,274;250,374;0,624;*
262;260,264;250,274;250,374;0,624;*
263;260,264;250,274;250,374;0,624;*
264;260,264;250,274;250,374;0,624;*
265;265,269;250,274;250,374;0,624;*
266;265,269;250,274;250,374;0,624;*
267;265,269;250,274;250,374;0,624;*
268;265,269;250,274;250,374;0,624;*
269;265,269;250,274;250,374;0,624;*
270;270,274;250,274;250,374;0,624;*
271;270,274;250,274;250,374;0,624;*
272;270,274;250,274;250,374;0,624;*
273;270,274;250,274;250,374;0,624;*
274;270,274;250,274;250,374;0,624;*
275;275,279;275,299;250,374;0,624;*
276;275,279;275,299;250,374;0,624;*
277;275,279;275,299;250,374;0,624;*
278;275,279;275,299;250,374;0,624;*
279;275,279;275,299;250,374;0,624;*
280;280,284;275,299;250,374;0,624;*
281;280,284;275,299;250,374;0,624;*
282;280,284;275,299;250,374;0,624;*
283;280,284;275,299;250,374;0,624;*
284;280,284;275,299;250,374;0,624;*
285;285,289;275,299;250,374;0,624;*
286;285,289;275,299;250,374;0,624;*
287;285,289;275,299;250,374;0,624;*
288;285,289;275,299;250,374;0,624;*
289;285,289;275,299;250,374;0,624;*
290;290,294;275,299;250,374;0,624;*
291;290,294;275,299;250,374;0,624;*
292;290,294;275,299;250,374;0,624;*
293;290,294;275,299;250,374;0,624;*
294;290,294;275,299;250,374;0,624;*
295;295,299;275,299;250,374;0,624;*
296;295,299;275,299;250,374;0,624;*
297;295,299;275,299;250,374;0,624;*
298;295,299;275,299;250,374;0,624;*
299;295,299;275,299;250,374;0,624;*
300;300,304;300,324;250,374;0,624;*
301;300,304;300,324;250,374;0,624;*
302;300,304;300,324;250,374;0,624;*
303;300,304;300,324;250,374;0,624;*
304;300,304;300,324;250,374;0,624;*
305;305,309;300,324;250,374;0,624;*
306;305,309;300,324;250,374;0,624;*
307;305,309;300,324;250,374;0,624;*
308;305,309;300,324;250,374;0,624;*
309;305,309;300,324;250,374;0,624;*
310;310,314;300,324;250,374;0,624;*
311;310,314;300,324;250,374;0,624;*
312;310,314;300,324;250,374;0,624;*
313;310,314;300,324;250,374;0,624;*
314;310,314;300,324;250,374;0,624;*
315;315,319;300,324;250,374;0,624;*
316;315,319;300,324;250,374;0,624;*
317;315,319;300,324;250,374;0,624;*
318;315,319;300,324;250,374;0,624;*
319;315,319;300,324;250,374;0,624;*
320;320,324;300,324;250,374;0,624;*
321;320,324;300,324;250,374;0,624;*
322;320,324;300,324;250,374;0,624;*
323;320,324;300,324;250,374;0,624;*
324;320,324;300,324;250,374;0,624;*
325;325,329;325,349;250,374;0,624;*
326;325,329;325,349;250,374;0,624;*
327;325,329;325,349;250,374;0,624;*
328;325,329;325,349;250,374;0,624;*
329;325,329;325,349;250,374;0,624;*
330;330,334;325,349;250,374;0,624;*
331;330,334;325,349;250,374;0,624;*
332;330,334;325,349;250,374;0,624;*
333;330,334;325,349;250,374;0,624;*
334;330,334;325,349;250,374;0,624;*
335;335,339;325,349;250,374;0,624;*
336;335,339;325,349;250,374;0,624;*
337;335,339;325,349;250,374;0,624;*
338;335,339;325,349;250,374;0,624;*
339;335,339;325,349;250,374;0,624;*
340;340,344;325,349;250,374;0,624;*
341;340,344;325,349;250,374;0,624;*
342;340,344;325,349;250,374;0,624;*
343;340,344;325,349;250,374;0,624;*
344;340,344;325,349;250,374;0,624;*
345;345,349;325,349;250,374;0,624;*
346;345,349;325,349;250,374;0,624;*
347;345,349;325,349;250,374;0,624;*
348;345,349;325,349;250,374;0,624;*
349;345,349;325,349;250,374;0,624;*
350;350,354;350,374;250,374;0,624;*
351;350,354;350,374;250,374;0,624;*
352;350,354;350,374;250,374;0,624;*
353;350,354;350,374;250,374;0,624;*
354;350,354;350,374;250,374;0,624;*
355;355,359;350,374;250,374;0,624;*
356;355,359;350,374;250,374;0,624;*
357;355,359;350,374;250,374;0,624;*
358;355,359;350,374;250,374;0,624;*
359;355,359;350,374;250,374;0,624;*
360;360,364;350,374;250,374;0,624;*
361;360,364;350,374;250,374;0,624;*
362;360,364;350,374;250,374;0,624;*
363;360,364;350,374;250,374;0,624;*
364;360,364;350,374;250,374;0,624;*
365;365,369;350,374;250,374;0,624;*
366;365,369;350,374;250,374;0,624;*
367;365,369;350,374;250,374;0,624;*
368;365,369;350,374;250,374;0,624;*
369;365,369;350,374;250,374;0,624;*
370;370,374;350,374;250,374;0,624;*
371;370,374;350,374;250,374;0,624;*
372;370,374;350,374;250,374;0,624;*
373;370,374;350,374;250,374;0,624;*
374;370,374;350,374;250,374;0,624;*
375;375,379;375,399;375,499;0,624;*
376;375,379;375,399;375,499;0,624;*
377;375,379;375,399;375,499;0,624;*
378;375,379;375,399;375,499;0,624;*
379;375,379;375,399;375,499;0,624;*
380;380,384;375,399;375,499;0,624;*
381;380,384;375,399;375,499;0,624;*
382;380,384;375,399;375,499;0,624;*
383;380,384;375,399;375,499;0,624;*
384;380,384;375,399;375,499;0,624;*
385;385,389;375,399;375,499;0,624;*
386;385,389;375,399;375,499;0,624;*
387;385,389;375,399;375,499;0,624;*
388;385,389;375,399;375,499;0,624;*
389;385,389;375,399;375,499;0,624;*
390;390,394;375,399;375,499;0,624;*
391;390,394;375,399;375,499;0,624;*
392;390,394;375,399;375,499;0,624;*
393;390,394;375,399;375,499;0,624;*
394;390,394;375,399;375,499;0,624;*
395;395,399;375,399;375,499;0,624;*
396;395,399;375,399;375,499;0,624;*
397;395,399;375,399;375,499;0,624;*
398;395,399;375,399;375,499;0,624;*
399;395,399;375,399;375,499;0,624;*
400;400,404;400,424;375,499;0,624;*
401;400,404;400,424;375,499;0,624;*
402;400,404;400,424;375,499;0,624;*
403;400,404;400,424;375,499;0,624;*
404;400,404;400,424;375,499;0,624;*
405;405,409;400,424;375,499;0,624;*
406;405,409;400,424;375,499;0,624;*
407;405,409;400,424;375,499;0,624;*
408;405,409;400,424;375,499;0,624;*
409;405,409;400,424;375,499;0,624;*
410;410,414;400,424;375,499;0,624;*
411;410,414;400,424;375,499;0,624;*
412;410,414;400,424;375,499;0,624;*
413;410,414;400,424;375,499;0,624;*
414;410,414;400,424;375,499;0,624;*
415;415,419;400,424;375,499;0,624;*
416;415,419;400,424;375,499;0,624;*
417;415,419;400,424;375,499;0,624;*
418;415,419;400,424;375,499;0,624;*
419;415,419;400,424;375,499;0,624;*
420;420,424;400,424;375,499;0,624;*
421;420,424;400,424;375,499;0,624;*
422;420,424;400,424;375,499;0,624;*
423;420,424;400,424;375,499;0,624;*
424;420,424;400,424;375,499;0,624;*
425;425,429;425,449;375,499;0,624;*
426;425,429;425,449;375,499;0,624;*
427;425,429;425,449;375,499;0,624;*
428;425,429;425,449;375,499;0,624;*
429;425,429;425,449;375,499;0,624;*
430;430,434;425,449;375,499;0,624;*
431;430,434;425,449;375,499;0,624;*
432;430,434;425,449;375,499;0,624;*
433;430,434;425,449;375,499;0,624;*
434;430,434;425,449;375,499;0,624;*
435;435,439;425,449;375,499;0,624;*
436;435,439;425,449;375,499;0,624;*
437;435,439;425,449;375,499;0,624;*
438;435,439;425,449;375,499;0,624;*
439;435,439;425,449;375,499;0,624;*
440;440,444;425,449;375,499;0,624;*
441;440,444;425,449;375,499;0,624;*
442;440,444;425,449;375,499;0,624;*
443;440,444;425,449;375,499;0,624;*
444;440,444;425,449;375,499;0,624;*
445;445,449;425,449;375,499;0,624;*
446;445,449;425,449;375,499;0,624;*
447;445,449;425,449;375,499;0,624;*
448;445,449;425,449;375,499;0,624;*
449;445,449;425,449;375,499;0,624;*
450;450,454;450,474;375,499;0,624;*
451;450,454;450,474;375,499;0,624;*
452;450,454;450,474;375,499;0,624;*
453;450,454;450,474;375,499;0,624;*
454;450,454;450,474;375,499;0,624;*
455;455,459;450,474;375,499;0,624;*
456;455,459;450,474;375,499;0,624;*
457;455,459;450,474;375,499;0,624;*
458;455,459;450,474;375,499;0,624;*
459;455,459;450,474;375,499;0,624;*
460;460,464;450,474;375,499;0,624;*
461;460,464;450,474;375,499;0,624;*
462;460,464;450,474;375,499;0,624;*
463;460,464;450,474;375,499;0,624;*
464;460,464;450,474;375,499;0,624;*
465;465,469;450,474;375,499;0,624;*
466;465,469;450,474;375,499;0,624;*
467;465,469;450,474;375,499;0,624;*
468;465,469;450,474;375,499;0,624;*
469;465,469;450,474;375,499;0,624;*
470;470,474;450,474;375,499;0,624;*
471;470,474;450,474;375,499;0,624;*
472;470,474;450,474;375,499;0,624;*
473;470,474;450,474;375,499;0,624;*
474;470,474;450,474;375,499;0,624;*
475;475,479;475,499;375,499;0,624;*
476;475,479;475,499;375,499;0,624;*
477;475,479;475,499;375,499;0,624;*
478;475,479;475,499;375,499;0,624;*
479;475,479;475,499;375,499;0,624;*
480;480,484;475,499;375,499;0,624;*
481;480,484;475,499;375,499;0,624;*
482;480,484;475,499;375,499;0,624;*
483;480,484;475,499;375,499;0,624;*
484;480,484;475,499;375,499;0,624;*
485;485,489;475,499;375,499;0,624;*
486;485,489;475,499;375,499;0,624;*
487;485,489;475,499;375,499;0,624;*
488;485,489;475,499;375,499;0,624;*
489;485,489;475,499;375,499;0,624;*
490;490,494;475,499;375,499;0,624;*
491;490,494;475,499;375,499;0,624;*
492;490,494;475,499;375,499;0,624;*
493;490,494;475,499;375,499;0,624;*
494;490,494;475,499;375,499;0,624;*
495;495,499;475,499;375,499;0,624;*
496;495,499;475,499;375,499;0,624;*
497;495,499;475,499;375,499;0,624;*
498;495,499;475,499;375,499;0,624;*
499;495,499;475,499;375,499;0,624;*
500;500,504;500,524;500,624;0,624;*
501;500,504;500,524;500,624;0,624;*
502;500,504;500,524;500,624;0,624;*
503;500,504;500,524;500,624;0,624;*
504;500,504;500,524;500,624;0,624;*
505;505,509;500,524;500,624;0,624;*
506;505,509;500,524;500,624;0,624;*
507;505,509;500,524;500,624;0,624;*
508;505,509;500,524;500,624;0,624;*
509;505,509;500,524;500,624;0,624;*
510;510,514;500,524;500,624;0,624;*
511;510,514;500,524;500,624;0,624;*
512;510,514;500,524;500,624;0,624;*
513;510,514;500,524;500,624;0,624;*
514;510,514;500,524;500,624;0,624;*
515;515,519;500,524;500,624;0,624;*
516;515,519;500,524;500,624;0,624;*
517;515,519;500,524;500,624;0,624;*
518;515,519;500,524;500,624;0,624;*
519;515,519;500,524;500,624;0,624;*
520;520,524;500,524;500,624;0,624;*
521;520,524;500,524;500,624;0,624;*
522;520,524;500,524;500,624;0,624;*
523;520,524;500,524;500,624;0,624;*
524;520,524;500,524;500,624;0,624;*
525;525,529;525,549;500,624;0,624;*
526;525,529;525,549;500,624;0,624;*
527;525,529;525,549;500,624;0,624;*
528;525,529;525,549;500,624;0,624;*
529;525,529;525,549;500,624;0,624;*
530;530,534;525,549;500,624;0,624;*
531;530,534;525,549;500,624;0,624;*
532;530,534;525,549;500,624;0,624;*
533;530,534;525,549;500,624;0,624;*
534;530,534;525,549;500,624;0,624;*
535;535,539;525,549;500,624;0,624;*
536;535,539;525,549;500,624;0,624;*
537;535,539;525,549;500,624;0,624;*
538;535,539;525,549;500,624;0,624;*
539;535,539;525,549;500,624;0,624;*
540;540,544;525,549;500,624;0,624;*
541;540,544;525,549;500,624;0,624;*
542;540,544;525,549;500,624;0,624;*
543;540,544;525,549;500,624;0,624;*
544;540,544;525,549;500,624;0,624;*
545;545,549;525,549;500,624;0,624;*
546;545,549;525,549;500,624;0,624;*
547;545,549;525,549;500,624;0,624;*
548;545,549;525,549;500,624;0,624;*
549;545,549;525,549;500,624;0,624;*
550;550,554;550,574;500,624;0,624;*
551;550,554;550,574;500,624;0,624;*
552;550,554;550,574;500,624;0,624;*
553;550,554;550,574;500,624;0,624;*
554;550,554;550,574;500,624;0,624;*
555;555,559;550,574;500,624;0,624;*
556;555,559;550,574;500,624;0,624;*
557;555,559;550,574;500,624;0,624;*
558;555,559;550,574;500,624;0,624;*
559;555,559;550,574;500,624;0,624;*
560;560,564;550,574;500,624;0,624;*
561;560,564;550,574;500,624;0,624;*
562;560,564;550,574;500,624;0,624;*
563;560,564;550,574;500,624;0,624;*
564;560,564;550,574;500,624;0,624;*
565;565,569;550,574;500,624;0,624;*
566;565,569;550,574;500,624;0,624;*
567;565,569;550,574;500,624;0,624;*
568;565,569;550,574;500,624;0,624;*
569;565,569;550,574;500,624;0,624;*
570;570,574;550,574;500,624;0,624;*
571;570,574;550,574;500,624;0,624;*
572;570,574;550,574;500,624;0,624;*
573;570,574;550,574;500,624;0,624;*
574;570,574;550,574;500,624;0,624;*
575;575,579;575,599;500,624;0,624;*
576;575,579;575,599;500,624;0,624;*
577;575,579;575,599;500,624;0,624;*
578;575,579;575,599;500,624;0,624;*
579;575,579;575,599;500,624;0,624;*
580;580,584;575,599;500,624;0,624;*
581;580,584;575,599;500,624;0,624;*
582;580,584;575,599;500,624;0,624;*
583;580,584;575,599;500,624;0,624;*
584;580,584;575,599;500,624;0,624;*
585;585,589;575,599;500,624;0,624;*
586;585,589;575,599;500,624;0,624;*
587;585,589;575,599;500,624;0,624;*
588;585,589;575,599;500,624;0,624;*
589;585,589;575,599;500,624;0,624;*
590;590,594;575,599;500,624;0,624;*
591;590,594;575,599;500,624;0,624;*
592;590,594;575,599;500,624;0,624;*
593;590,594;575,599;500,624;0,624;*
594;590,594;575,599;500,624;0,624;*
595;595,599;575,599;500,624;0,624;*
596;595,599;575,599;500,624;0,624;*
597;595,599;575,599;500,624;0,624;*
598;595,599;575,599;500,624;0,624;*
599;595,599;575,599;500,624;0,624;*
600;600,604;600,624;500,624;0,624;*
601;600,604;600,624;500,624;0,624;*
602;600,604;600,624;500,624;0,624;*
603;600,604;600,624;500,624;0,624;*
604;600,604;600,624;500,624;0,624;*
605;605,609;600,624;500,624;0,624;*
606;605,609;600,624;500,624;0,624;*
607;605,609;600,624;500,624;0,624;*
608;605,609;600,624;500,624;0,624;*
609;605,609;600,624;500,624;0,624;*
610;610,614;600,624;500,624;0,624;*
611;610,614;600,624;500,624;0,624;*
612;610,614;600,624;500,624;0,624;*
613;610,614;600,624;500,624;0,624;*
614;610,614;600,624;500,624;0,624;*
615;615,619;600,624;500,624;0,624;*
616;615,619;600,624;500,624;0,624;*
617;615,619;600,624;500,624;0,624;*
618;615,619;600,624;500,624;0,624;*
619;615,619;600,624;500,624;0,624;*
620;620,624;600,624;500,624;0,624;*
621;620,624;600,624;500,624;0,624;*
622;620,624;600,624;500,624;0,624;*
623;620,624;600,624;500,624;0,624;*
624;620,624;600,624;500,624;0,624;*
625;625,629;625,649;625,768;625,2126;*
626;625,629;625,649;625,768;625,2126;*
627;625,629;625,649;625,768;625,2126;*
628;625,629;625,649;625,768;625,2126;*
629;625,629;625,649;625,768;625,2126;*
630;630,634;625,649;625,768;625,2126;*
631;630,634;625,649;625,768;625,2126;*
632;630,634;625,649;625,768;625,2126;*
633;630,634;625,649;625,768;625,2126;*
634;630,634;625,649;625,768;625,2126;*
635;635,639;625,649;625,768;625,2126;*
636;635,639;625,649;625,768;625,2126;*
637;635,639;625,649;625,768;625,2126;*
638;635,639;625,649;625,768;625,2126;*
639;635,639;625,649;625,768;625,2126;*
640;640,644;625,649;625,768;625,2126;*
641;640,644;625,649;625,768;625,2126;*
642;640,644;625,649;625,768;625,2126;*
643;640,644;625,649;625,768;625,2126;*
644;640,644;625,649;625,768;625,2126;*
645;645,649;625,649;625,768;625,2126;*
646;645,649;625,649;625,768;625,2126;*
647;645,649;625,649;625,768;625,2126;*
648;645,649;625,649;625,768;625,2126;*
649;645,649;625,649;625,768;625,2126;*
650;650,654;650,679;625,768;625,2126;*
651;650,654;650,679;625,768;625,2126;*
652;650,654;650,679;625,768;625,2126;*
653;650,654;650,679;625,768;625,2126;*
654;650,654;650,679;625,768;625,2126;*
655;655,659;650,679;625,768;625,2126;*
656;655,659;650,679;625,768;625,2126;*
657;655,659;650,679;625,768;625,2126;*
658;655,659;650,679;625,768;625,2126;*
659;655,659;650,679;625,768;625,2126;*
660;660,667;650,679;625,768;625,2126;*
661;660,667;650,679;625,768;625,2126;*
664;660,667;650,679;625,768;625,2126;*
665;660,667;650,679;625,768;625,2126;*
667;660,667;650,679;625,768;625,2126;*
668;668,672;650,679;625,768;625,2126;*
669;668,672;650,679;625,768;625,2126;*
670;668,672;650,679;625,768;625,2126;*
671;668,672;650,679;625,768;625,2126;*
672;668,672;650,679;625,768;625,2126;*
673;673,679;650,679;625,768;625,2126;*
674;673,679;650,679;625,768;625,2126;*
677;673,679;650,679;625,768;625,2126;*
678;673,679;650,679;625,768;625,2126;*
679;673,679;650,679;625,768;625,2126;*
680;680,685;680,705;625,768;625,2126;*
681;680,685;680,705;625,768;625,2126;*
682;680,685;680,705;625,768;625,2126;*
684;680,685;680,705;625,768;625,2126;*
685;680,685;680,705;625,768;625,2126;*
686;686,690;680,705;625,768;625,2126;*
687;686,690;680,705;625,768;625,2126;*
688;686,690;680,705;625,768;625,2126;*
689;686,690;680,705;625,768;625,2126;*
690;686,690;680,705;625,768;625,2126;*
691;691,695;680,705;625,768;625,2126;*
692;691,695;680,705;625,768;625,2126;*
693;691,695;680,705;625,768;625,2126;*
694;691,695;680,705;625,768;625,2126;*
695;691,695;680,705;625,768;625,2126;*
696;696,700;680,705;625,768;625,2126;*
697;696,700;680,705;625,768;625,2126;*
698;696,700;680,705;625,768;625,2126;*
699;696,700;680,705;625,768;625,2126;*
700;696,700;680,705;625,768;625,2126;*
701;701,705;680,705;625,768;625,2126;*
702;701,705;680,705;625,768;625,2126;*
703;701,705;680,705;625,768;625,2126;*
704;701,705;680,705;625,768;625,2126;*
705;701,705;680,705;625,768;625,2126;*
706;706,711;706,734;625,768;625,2126;*
708;706,711;706,734;625,768;625,2126;*
709;706,711;706,734;625,768;625,2126;*
710;706,711;706,734;625,768;625,2126;*
711;706,711;706,734;625,768;625,2126;*
712;712,716;706,734;625,768;625,2126;*
713;712,716;706,734;625,768;625,2126;*
714;712,716;706,734;625,768;625,2126;*
715;712,716;706,734;625,768;625,2126;*
716;712,716;706,734;625,768;625,2126;*
717;717,721;706,734;625,768;625,2126;*
718;717,721;706,734;625,768;625,2126;*
719;717,721;706,734;625,768;625,2126;*
720;717,721;706,734;625,768;625,2126;*
721;717,721;706,734;625,768;625,2126;*
723;723,727;706,734;625,768;625,2126;*
724;723,727;706,734;625,768;625,2126;*
725;723,727;706,734;625,768;625,2126;*
726;723,727;706,734;625,768;625,2126;*
727;723,727;706,734;625,768;625,2126;*
728;728,734;706,734;625,768;625,2126;*
730;728,734;706,734;625,768;625,2126;*
731;728,734;706,734;625,768;625,2126;*
732;728,734;706,734;625,768;625,2126;*
734;728,734;706,734;625,768;625,2126;*
735;735,739;735,768;625,768;625,2126;*
736;735,739;735,768;625,768;625,2126;*
737;735,739;735,768;625,768;625,2126;*
738;735,739;735,768;625,768;625,2126;*
739;735,739;735,768;625,768;625,2126;*
741;741,748;735,768;625,768;625,2126;*
742;741,748;735,768;625,768;625,2126;*
743;741,748;735,768;625,768;625,2126;*
746;741,748;735,768;625,768;625,2126;*
748;741,748;735,768;625,768;625,2126;*
752;752,756;735,768;625,768;625,2126;*
753;752,756;735,768;625,768;625,2126;*
754;752,756;735,768;625,768;625,2126;*
755;752,756;735,768;625,768;625,2126;*
756;752,756;735,768;625,768;625,2126;*
758;758,762;735,768;625,768;625,2126;*
759;758,762;735,768;625,768;625,2126;*
760;758,762;735,768;625,768;625,2126;*
761;758,762;735,768;625,768;625,2126;*
762;758,762;735,768;625,768;625,2126;*
764;764,768;735,768;625,768;625,2126;*
765;764,768;735,768;625,768;625,2126;*
766;764,768;735,768;625,768;625,2126;*
767;764,768;735,768;625,768;625,2126;*
768;764,768;735,768;625,768;625,2126;*
769;769,774;769,801;769,964;625,2126;*
770;769,774;769,801;769,964;625,2126;*
771;769,774;769,801;769,964;625,2126;*
773;769,774;769,801;769,964;625,2126;*
774;769,774;769,801;769,964;625,2126;*
775;775,783;769,801;769,964;625,2126;*
776;775,783;769,801;769,964;625,2126;*
780;775,783;769,801;769,964;625,2126;*
781;775,783;769,801;769,964;625,2126;*
783;775,783;769,801;769,964;625,2126;*
785;785,790;769,801;769,964;625,2126;*
787;785,790;769,801;769,964;625,2126;*
788;785,790;769,801;769,964;625,2126;*
789;785,790;769,801;769,964;625,2126;*
790;785,790;769,801;769,964;625,2126;*
791;791,796;769,801;769,964;625,2126;*
792;791,796;769,801;769,964;625,2126;*
794;791,796;769,801;769,964;625,2126;*
795;791,796;769,801;769,964;625,2126;*
796;791,796;769,801;769,964;625,2126;*
797;797,801;769,801;769,964;625,2126;*
798;797,801;769,801;769,964;625,2126;*
799;797,801;769,801;769,964;625,2126;*
800;797,801;769,801;769,964;625,2126;*
801;797,801;769,801;769,964;625,2126;*
804;804,808;804,840;769,964;625,2126;*
805;804,808;804,840;769,964;625,2126;*
806;804,808;804,840;769,964;625,2126;*
807;804,808;804,840;769,964;625,2126;*
808;804,808;804,840;769,964;625,2126;*
811;811,818;804,840;769,964;625,2126;*
814;811,818;804,840;769,964;625,2126;*
815;811,818;804,840;769,964;625,2126;*
817;811,818;804,840;769,964;625,2126;*
818;811,818;804,840;769,964;625,2126;*
822;822,826;804,840;769,964;625,2126;*
823;822,826;804,840;769,964;625,2126;*
824;822,826;804,840;769,964;625,2126;*
825;822,826;804,840;769,964;625,2126;*
826;822,826;804,840;769,964;625,2126;*
827;827,833;804,840;769,964;625,2126;*
828;827,833;804,840;769,964;625,2126;*
829;827,833;804,840;769,964;625,2126;*
830;827,833;804,840;769,964;625,2126;*
833;827,833;804,840;769,964;625,2126;*
834;834,840;804,840;769,964;625,2126;*
836;834,840;804,840;769,964;625,2126;*
838;834,840;804,840;769,964;625,2126;*
839;834,840;804,840;769,964;625,2126;*
840;834,840;804,840;769,964;625,2126;*
841;841,847;841,879;769,964;625,2126;*
843;841,847;841,879;769,964;625,2126;*
845;841,847;841,879;769,964;625,2126;*
846;841,847;841,879;769,964;625,2126;*
847;841,847;841,879;769,964;625,2126;*
849;849,856;841,879;769,964;625,2126;*
850;849,856;841,879;769,964;625,2126;*
851;849,856;841,879;769,964;625,2126;*
854;849,856;841,879;769,964;625,2126;*
856;849,856;841,879;769,964;625,2126;*
857;857,862;841,879;769,964;625,2126;*
858;857,862;841,879;769,964;625,2126;*
859;857,862;841,879;769,964;625,2126;*
861;857,862;841,879;769,964;625,2126;*
862;857,862;841,879;769,964;625,2126;*
863;863,872;841,879;769,964;625,2126;*
866;863,872;841,879;769,964;625,2126;*
868;863,872;841,879;769,964;625,2126;*
870;863,872;841,879;769,964;625,2126;*
872;863,872;841,879;769,964;625,2126;*
875;875,879;841,879;769,964;625,2126;*
876;875,879;841,879;769,964;625,2126;*
877;875,879;841,879;769,964;625,2126;*
878;875,879;841,879;769,964;625,2126;*
879;875,879;841,879;769,964;625,2126;*
881;881,891;881,924;769,964;625,2126;*
882;881,891;881,924;769,964;625,2126;*
886;881,891;881,924;769,964;625,2126;*
887;881,891;881,924;769,964;625,2126;*
891;881,891;881,924;769,964;625,2126;*
894;894,900;881,924;769,964;625,2126;*
895;894,900;881,924;769,964;625,2126;*
898;894,900;881,924;769,964;625,2126;*
899;894,900;881,924;769,964;625,2126;*
900;894,900;881,924;769,964;625,2126;*
902;902,911;881,924;769,964;625,2126;*
904;902,911;881,924;769,964;625,2126;*
906;902,911;881,924;769,964;625,2126;*
909;902,911;881,924;769,964;625,2126;*
911;902,911;881,924;769,964;625,2126;*
912;912,917;881,924;769,964;625,2126;*
913;912,917;881,924;769,964;625,2126;*
914;912,917;881,924;769,964;625,2126;*
915;912,917;881,924;769,964;625,2126;*
917;912,917;881,924;769,964;625,2126;*
918;918,924;881,924;769,964;625,2126;*
919;918,924;881,924;769,964;625,2126;*
922;918,924;881,924;769,964;625,2126;*
923;918,924;881,924;769,964;625,2126;*
924;918,924;881,924;769,964;625,2126;*
925;925,930;925,964;769,964;625,2126;*
927;925,930;925,964;769,964;625,2126;*
928;925,930;925,964;769,964;625,2126;*
929;925,930;925,964;769,964;625,2126;*
930;925,930;925,964;769,964;625,2126;*
932;932,941;925,964;769,964;625,2126;*
933;932,941;925,964;769,964;625,2126;*
938;932,941;925,964;769,964;625,2126;*
940;932,941;925,964;769,964;625,2126;*
941;932,941;925,964;769,964;625,2126;*
942;942,950;925,964;769,964;625,2126;*
944;942,950;925,964;769,964;625,2126;*
946;942,950;925,964;769,964;625,2126;*
947;942,950;925,964;769,964;625,2126;*
950;942,950;925,964;769,964;625,2126;*
952;952,956;925,964;769,964;625,2126;*
953;952,956;925,964;769,964;625,2126;*
954;952,956;925,964;769,964;625,2126;*
955;952,956;925,964;769,964;625,2126;*
956;952,956;925,964;769,964;625,2126;*
957;957,964;925,964;769,964;625,2126;*
958;957,964;925,964;769,964;625,2126;*
959;957,964;925,964;769,964;625,2126;*
960;957,964;925,964;769,964;625,2126;*
964;957,964;925,964;769,964;625,2126;*
966;966,973;966,1007;966,1225;625,2126;*
968;966,973;966,1007;966,1225;625,2126;*
969;966,973;966,1007;966,1225;625,2126;*
972;966,973;966,1007;966,1225;625,2126;*
973;966,973;966,1007;966,1225;625,2126;*
974;974,982;966,1007;966,1225;625,2126;*
975;974,982;966,1007;966,1225;625,2126;*
978;974,982;966,1007;966,1225;625,2126;*
979;974,982;966,1007;966,1225;625,2126;*
982;974,982;966,1007;966,1225;625,2126;*
983;983,987;966,1007;966,1225;625,2126;*
984;983,987;966,1007;966,1225;625,2126;*
985;983,987;966,1007;966,1225;625,2126;*
986;983,987;966,1007;966,1225;625,2126;*
987;983,987;966,1007;966,1225;625,2126;*
988;988,998;966,1007;966,1225;625,2126;*
990;988,998;966,1007;966,1225;625,2126;*
992;988,998;966,1007;966,1225;625,2126;*
996;988,998;966,1007;966,1225;625,2126;*
998;988,998;966,1007;966,1225;625,2126;*
1000;1000,1007;966,1007;966,1225;625,2126;*
1001;1000,1007;966,1007;966,1225;625,2126;*
1002;1000,1007;966,1007;966,1225;625,2126;*
1006;1000,1007;966,1007;966,1225;625,2126;*
1007;1000,1007;966,1007;966,1225;625,2126;*
1011;1011,1021;1011,1056;966,1225;625,2126;*
1015;1011,1021;1011,1056;966,1225;625,2126;*
1016;1011,1021;1011,1056;966,1225;625,2126;*
1018;1011,1021;1011,1056;966,1225;625,2126;*
1021;1011,1021;1011,1056;966,1225;625,2126;*
1022;1022,1031;1011,1056;966,1225;625,2126;*
1023;1022,1031;1011,1056;966,1225;625,2126;*
1027;1022,1031;1011,1056;966,1225;625,2126;*
1030;1022,1031;1011,1056;966,1225;625,2126;*
1031;1022,1031;1011,1056;966,1225;625,2126;*
1032;1032,1038;1011,1056;966,1225;625,2126;*
1035;1032,1038;1011,1056;966,1225;625,2126;*
1036;1032,1038;1011,1056;966,1225;625,2126;*
1037;1032,1038;1011,1056;966,1225;625,2126;*
1038;1032,1038;1011,1056;966,1225;625,2126;*
1039;1039,1047;1011,1056;966,1225;625,2126;*
1041;1039,1047;1011,1056;966,1225;625,2126;*
1042;1039,1047;1011,1056;966,1225;625,2126;*
1046;1039,1047;1011,1056;966,1225;625,2126;*
1047;1039,1047;1011,1056;966,1225;625,2126;*
1048;1048,1056;1011,1056;966,1225;625,2126;*
1052;1048,1056;1011,1056;966,1225;625,2126;*
1053;1048,1056;1011,1056;966,1225;625,2126;*
1054;1048,1056;1011,1056;966,1225;625,2126;*
1056;1048,1056;1011,1056;966,1225;625,2126;*
1057;1057,1067;1057,1107;966,1225;625,2126;*
1063;1057,1067;1057,1107;966,1225;625,2126;*
1064;1057,1067;1057,1107;966,1225;625,2126;*
1066;1057,1067;1057,1107;966,1225;625,2126;*
1067;1057,1067;1057,1107;966,1225;625,2126;*
1068;1068,1073;1057,1107;966,1225;625,2126;*
1069;1068,1073;1057,1107;966,1225;625,2126;*
1070;1068,1073;1057,1107;966,1225;625,2126;*
1072;1068,1073;1057,1107;966,1225;625,2126;*
1073;1068,1073;1057,1107;966,1225;625,2126;*
1074;1074,1085;1057,1107;966,1225;625,2126;*
1076;1074,1085;1057,1107;966,1225;625,2126;*
1080;1074,1085;1057,1107;966,1225;625,2126;*
1081;1074,1085;1057,1107;966,1225;625,2126;*
1085;1074,1085;1057,1107;966,1225;625,2126;*
1086;1086,1096;1057,1107;966,1225;625,2126;*
1087;1086,1096;1057,1107;966,1225;625,2126;*
1090;1086,1096;1057,1107;966,1225;625,2126;*
1094;1086,1096;1057,1107;966,1225;625,2126;*
1096;1086,1096;1057,1107;966,1225;625,2126;*
1097;1097,1107;1057,1107;966,1225;625,2126;*
1098;1097,1107;1057,1107;966,1225;625,2126;*
1099;1097,1107;1057,1107;966,1225;625,2126;*
1104;1097,1107;1057,1107;966,1225;625,2126;*
1107;1097,1107;1057,1107;966,1225;625,2126;*
1109;1109,1120;1109,1165;966,1225;625,2126;*
1111;1109,1120;1109,1165;966,1225;625,2126;*
1117;1109,1120;1109,1165;966,1225;625,2126;*
1119;1109,1120;1109,1165;966,1225;625,2126;*
1120;1109,1120;1109,1165;966,1225;625,2126;*
1122;1122,1133;1109,1165;966,1225;625,2126;*
1125;1122,1133;1109,1165;966,1225;625,2126;*
1126;1122,1133;1109,1165;966,1225;625,2126;*
1130;1122,1133;1109,1165;966,1225;625,2126;*
1133;1122,1133;1109,1165;966,1225;625,2126;*
1134;1134,1146;1109,1165;966,1225;625,2126;*
1137;1134,1146;1109,1165;966,1225;625,2126;*
1141;1134,1146;1109,1165;966,1225;625,2126;*
1142;1134,1146;1109,1165;966,1225;625,2126;*
1146;1134,1146;1109,1165;966,1225;625,2126;*
1147;1147,1159;1109,1165;966,1225;625,2126;*
1152;1147,1159;1109,1165;966,1225;625,2126;*
1155;1147,1159;1109,1165;966,1225;625,2126;*
1156;1147,1159;1109,1165;966,1225;625,2126;*
1159;1147,1159;1109,1165;966,1225;625,2126;*
1160;1160,1165;1109,1165;966,1225;625,2126;*
1161;1160,1165;1109,1165;966,1225;625,2126;*
1162;1160,1165;1109,1165;966,1225;625,2126;*
1164;1160,1165;1109,1165;966,1225;625,2126;*
1165;1160,1165;1109,1165;966,1225;625,2126;*
1167;1167,1180;1167,1225;966,1225;625,2126;*
1170;1167,1180;1167,1225;966,1225;625,2126;*
1176;1167,1180;1167,1225;966,1225;625,2126;*
1178;1167,1180;1167,1225;966,1225;625,2126;*
1180;1167,1180;1167,1225;966,1225;625,2126;*
1183;1183,1189;1167,1225;966,1225;625,2126;*
1184;1183,1189;1167,1225;966,1225;625,2126;*
1185;1183,1189;1167,1225;966,1225;625,2126;*
1188;1183,1189;1167,1225;966,1225;625,2126;*
1189;1183,1189;1167,1225;966,1225;625,2126;*
1194;1194,1204;1167,1225;966,1225;625,2126;*
1195;1194,1204;1167,1225;966,1225;625,2126;*
1199;1194,1204;1167,1225;966,1225;625,2126;*
1200;1194,1204;1167,1225;966,1225;625,2126;*
1204;1194,1204;1167,1225;966,1225;625,2126;*
1206;1206,1214;1167,1225;966,1225;625,2126;*
1211;1206,1214;1167,1225;966,1225;625,2126;*
1212;1206,1214;1167,1225;966,1225;625,2126;*
1213;1206,1214;1167,1225;966,1225;625,2126;*
1214;1206,1214;1167,1225;966,1225;625,2126;*
1216;1216,1225;1167,1225;966,1225;625,2126;*
1217;1216,1225;1167,1225;966,1225;625,2126;*
1219;1216,1225;1167,1225;966,1225;625,2126;*
1222;1216,1225;1167,1225;966,1225;625,2126;*
1225;1216,1225;1167,1225;966,1225;625,2126;*
1227;1227,1237;1227,1278;1227,1497;625,2126;*
1233;1227,1237;1227,1278;1227,1497;625,2126;*
1235;1227,1237;1227,1278;1227,1497;625,2126;*
1236;1227,1237;1227,1278;1227,1497;625,2126;*
1237;1227,1237;1227,1278;1227,1497;625,2126;*
1245;1245,1254;1227,1278;1227,1497;625,2126;*
1246;1245,1254;1227,1278;1227,1497;625,2126;*
1250;1245,1254;1227,1278;1227,1497;625,2126;*
1252;1245,1254;1227,1278;1227,1497;625,2126;*
1254;1245,1254;1227,1278;1227,1497;625,2126;*
1255;1255,1260;1227,1278;1227,1497;625,2126;*
1257;1255,1260;1227,1278;1227,1497;625,2126;*
1258;1255,1260;1227,1278;1227,1497;625,2126;*
1259;1255,1260;1227,1278;1227,1497;625,2126;*
1260;1255,1260;1227,1278;1227,1497;625,2126;*
1261;1261,1270;1227,1278;1227,1497;625,2126;*
1264;1261,1270;1227,1278;1227,1497;625,2126;*
1265;1261,1270;1227,1278;1227,1497;625,2126;*
1267;1261,1270;1227,1278;1227,1497;625,2126;*
1270;1261,1270;1227,1278;1227,1497;625,2126;*
1271;1271,1278;1227,1278;1227,1497;625,2126;*
1272;1271,1278;1227,1278;1227,1497;625,2126;*
1273;1271,1278;1227,1278;1227,1497;625,2126;*
1277;1271,1278;1227,1278;1227,1497;625,2126;*
1278;1271,1278;1227,1278;1227,1497;625,2126;*
1279;1279,1285;1279,1327;1227,1497;625,2126;*
1280;1279,1285;1279,1327;1227,1497;625,2126;*
1283;1279,1285;1279,1327;1227,1497;625,2126;*
1284;1279,1285;1279,1327;1227,1497;625,2126;*
1285;1279,1285;1279,1327;1227,1497;625,2126;*
1286;1286,1295;1279,1327;1227,1497;625,2126;*
1290;1286,1295;1279,1327;1227,1497;625,2126;*
1292;1286,1295;1279,1327;1227,1497;625,2126;*
1293;1286,1295;1279,1327;1227,1497;625,2126;*
1295;1286,1295;1279,1327;1227,1497;625,2126;*
1296;1296,1300;1279,1327;1227,1497;625,2126;*
1297;1296,1300;1279,1327;1227,1497;625,2126;*
1298;1296,1300;1279,1327;1227,1497;625,2126;*
1299;1296,1300;1279,1327;1227,1497;625,2126;*
1300;1296,1300;1279,1327;1227,1497;625,2126;*
1305;1305,1311;1279,1327;1227,1497;625,2126;*
1306;1305,1311;1279,1327;1227,1497;625,2126;*
1309;1305,1311;1279,1327;1227,1497;625,2126;*
1310;1305,1311;1279,1327;1227,1497;625,2126;*
1311;1305,1311;1279,1327;1227,1497;625,2126;*
1312;1312,1327;1279,1327;1227,1497;625,2126;*
1315;1312,1327;1279,1327;1227,1497;625,2126;*
1320;1312,1327;1279,1327;1227,1497;625,2126;*
1325;1312,1327;1279,1327;1227,1497;625,2126;*
1327;1312,1327;1279,1327;1227,1497;625,2126;*
1331;1331,1340;1331,1400;1227,1497;625,2126;*
1332;1331,1340;1331,1400;1227,1497;625,2126;*
1334;1331,1340;1331,1400;1227,1497;625,2126;*
1337;1331,1340;1331,1400;1227,1497;625,2126;*
1340;1331,1340;1331,1400;1227,1497;625,2126;*
1342;1342,1357;1331,1400;1227,1497;625,2126;*
1350;1342,1357;1331,1400;1227,1497;625,2126;*
1353;1342,1357;1331,1400;1227,1497;625,2126;*
1356;1342,1357;1331,1400;1227,1497;625,2126;*
1357;1342,1357;1331,1400;1227,1497;625,2126;*
1358;1358,1369;1331,1400;1227,1497;625,2126;*
1363;1358,1369;1331,1400;1227,1497;625,2126;*
1364;1358,1369;1331,1400;1227,1497;625,2126;*
1365;1358,1369;1331,1400;1227,1497;625,2126;*
1369;1358,1369;1331,1400;1227,1497;625,2126;*
1382;1382,1387;1331,1400;1227,1497;625,2126;*
1383;1382,1387;1331,1400;1227,1497;625,2126;*
1384;1382,1387;1331,1400;1227,1497;625,2126;*
1386;1382,1387;1331,1400;1227,1497;625,2126;*
1387;1382,1387;1331,1400;1227,1497;625,2126;*
1389;1389,1400;1331,1400;1227,1497;625,2126;*
1393;1389,1400;1331,1400;1227,1497;625,2126;*
1395;1389,1400;1331,1400;1227,1497;625,2126;*
1397;1389,1400;1331,1400;1227,1497;625,2126;*
1400;1389,1400;1331,1400;1227,1497;625,2126;*
1403;1403,1415;1403,1452;1227,1497;625,2126;*
1407;1403,1415;1403,1452;1227,1497;625,2126;*
1408;1403,1415;1403,1452;1227,1497;625,2126;*
1413;1403,1415;1403,1452;1227,1497;625,2126;*
1415;1403,1415;1403,1452;1227,1497;625,2126;*
1417;1417,1423;1403,1452;1227,1497;625,2126;*
1420;1417,1423;1403,1452;1227,1497;625,2126;*
1421;1417,1423;1403,1452;1227,1497;625,2126;*
1422;1417,1423;1403,1452;1227,1497;625,2126;*
1423;1417,1423;1403,1452;1227,1497;625,2126;*
1428;1428,1435;1403,1452;1227,1497;625,2126;*
1430;1428,1435;1403,1452;1227,1497;625,2126;*
1431;1428,1435;1403,1452;1227,1497;625,2126;*
1433;1428,1435;1403,1452;1227,1497;625,2126;*
1435;1428,1435;1403,1452;1227,1497;625,2126;*
1440;1440,1445;1403,1452;1227,1497;625,2126;*
1441;1440,1445;1403,1452;1227,1497;625,2126;*
1442;1440,1445;1403,1452;1227,1497;625,2126;*
1444;1440,1445;1403,1452;1227,1497;625,2126;*
1445;1440,1445;1403,1452;1227,1497;625,2126;*
1446;1446,1452;1403,1452;1227,1497;625,2126;*
1448;1446,1452;1403,1452;1227,1497;625,2126;*
1449;1446,1452;1403,1452;1227,1497;625,2126;*
1451;1446,1452;1403,1452;1227,1497;625,2126;*
1452;1446,1452;1403,1452;1227,1497;625,2126;*
1453;1453,1463;1453,1497;1227,1497;625,2126;*
1454;1453,1463;1453,1497;1227,1497;625,2126;*
1459;1453,1463;1453,1497;1227,1497;625,2126;*
1460;1453,1463;1453,1497;1227,1497;625,2126;*
1463;1453,1463;1453,1497;1227,1497;625,2126;*
1464;1464,1469;1453,1497;1227,1497;625,2126;*
1465;1464,1469;1453,1497;1227,1497;625,2126;*
1467;1464,1469;1453,1497;1227,1497;625,2126;*
1468;1464,1469;1453,1497;1227,1497;625,2126;*
1469;1464,1469;1453,1497;1227,1497;625,2126;*
1470;1470,1479;1453,1497;1227,1497;625,2126;*
1475;1470,1479;1453,1497;1227,1497;625,2126;*
1476;1470,1479;1453,1497;1227,1497;625,2126;*
1477;1470,1479;1453,1497;1227,1497;625,2126;*
1479;1470,1479;1453,1497;1227,1497;625,2126;*
1481;1481,1489;1453,1497;1227,1497;625,2126;*
1484;1481,1489;1453,1497;1227,1497;625,2126;*
1485;1481,1489;1453,1497;1227,1497;625,2126;*
1488;1481,1489;1453,1497;1227,1497;625,2126;*
1489;1481,1489;1453,1497;1227,1497;625,2126;*
1493;1493,1497;1453,1497;1227,1497;625,2126;*
1494;1493,1497;1453,1497;1227,1497;625,2126;*
1495;1493,1497;1453,1497;1227,1497;625,2126;*
1496;1493,1497;1453,1497;1227,1497;625,2126;*
1497;1493,1497;1453,1497;1227,1497;625,2126;*
1498;1498,1502;1498,1582;1498,2126;625,2126;*
1499;1498,1502;1498,1582;1498,2126;625,2126;*
1500;1498,1502;1498,1582;1498,2126;625,2126;*
1501;1498,1502;1498,1582;1498,2126;625,2126;*
1502;1498,1502;1498,1582;1498,2126;625,2126;*
1503;1503,1513;1498,1582;1498,2126;625,2126;*
1505;1503,1513;1498,1582;1498,2126;625,2126;*
1507;1503,1513;1498,1582;1498,2126;625,2126;*
1510;1503,1513;1498,1582;1498,2126;625,2126;*
1513;1503,1513;1498,1582;1498,2126;625,2126;*
1523;1523,1550;1498,1582;1498,2126;625,2126;*
1529;1523,1550;1498,1582;1498,2126;625,2126;*
1530;1523,1550;1498,1582;1498,2126;625,2126;*
1548;1523,1550;1498,1582;1498,2126;625,2126;*
1550;1523,1550;1498,1582;1498,2126;625,2126;*
1556;1556,1567;1498,1582;1498,2126;625,2126;*
1557;1556,1567;1498,1582;1498,2126;625,2126;*
1560;1556,1567;1498,1582;1498,2126;625,2126;*
1561;1556,1567;1498,1582;1498,2126;625,2126;*
1567;1556,1567;1498,1582;1498,2126;625,2126;*
1569;1569,1582;1498,1582;1498,2126;625,2126;*
1573;1569,1582;1498,1582;1498,2126;625,2126;*
1577;1569,1582;1498,1582;1498,2126;625,2126;*
1581;1569,1582;1498,1582;1498,2126;625,2126;*
1582;1569,1582;1498,1582;1498,2126;625,2126;*
1584;1584,1601;1584,1679;1498,2126;625,2126;*
1594;1584,1601;1584,1679;1498,2126;625,2126;*
1595;1584,1601;1584,1679;1498,2126;625,2126;*
1597;1584,1601;1584,1679;1498,2126;625,2126;*
1601;1584,1601;1584,1679;1498,2126;625,2126;*
1602;1602,1629;1584,1679;1498,2126;625,2126;*
1605;1602,1629;1584,1679;1498,2126;625,2126;*
1608;1602,1629;1584,1679;1498,2126;625,2126;*
1615;1602,1629;1584,1679;1498,2126;625,2126;*
1629;1602,1629;1584,1679;1498,2126;625,2126;*
1637;1637,1650;1584,1679;1498,2126;625,2126;*
1638;1637,1650;1584,1679;1498,2126;625,2126;*
1641;1637,1650;1584,1679;1498,2126;625,2126;*
1644;1637,1650;1584,1679;1498,2126;625,2126;*
1650;1637,1650;1584,1679;1498,2126;625,2126;*
1651;1651,1660;1584,1679;1498,2126;625,2126;*
1655;1651,1660;1584,1679;1498,2126;625,2126;*
1656;1651,1660;1584,1679;1498,2126;625,2126;*
1658;1651,1660;1584,1679;1498,2126;625,2126;*
1660;1651,1660;1584,1679;1498,2126;625,2126;*
1661;1661,1679;1584,1679;1498,2126;625,2126;*
1662;1661,1679;1584,1679;1498,2126;625,2126;*
1670;1661,1679;1584,1679;1498,2126;625,2126;*
1672;1661,1679;1584,1679;1498,2126;625,2126;*
1679;1661,1679;1584,1679;1498,2126;625,2126;*
1681;1681,1693;1681,1777;1498,2126;625,2126;*
1684;1681,1693;1681,1777;1498,2126;625,2126;*
1685;1681,1693;1681,1777;1498,2126;625,2126;*
1686;1681,1693;1681,1777;1498,2126;625,2126;*
1693;1681,1693;1681,1777;1498,2126;625,2126;*
1701;1701,1709;1681,1777;1498,2126;625,2126;*
1702;1701,1709;1681,1777;1498,2126;625,2126;*
1705;1701,1709;1681,1777;1498,2126;625,2126;*
1708;1701,1709;1681,1777;1498,2126;625,2126;*
1709;1701,1709;1681,1777;1498,2126;625,2126;*
1710;1710,1722;1681,1777;1498,2126;625,2126;*
1713;1710,1722;1681,1777;1498,2126;625,2126;*
1714;1710,1722;1681,1777;1498,2126;625,2126;*
1719;1710,1722;1681,1777;1498,2126;625,2126;*
1722;1710,1722;1681,1777;1498,2126;625,2126;*
1728;1728,1748;1681,1777;1498,2126;625,2126;*
1740;1728,1748;1681,1777;1498,2126;625,2126;*
1743;1728,1748;1681,1777;1498,2126;625,2126;*
1746;1728,1748;1681,1777;1498,2126;625,2126;*
1748;1728,1748;1681,1777;1498,2126;625,2126;*
1754;1754,1777;1681,1777;1498,2126;625,2126;*
1756;1754,1777;1681,1777;1498,2126;625,2126;*
1766;1754,1777;1681,1777;1498,2126;625,2126;*
1775;1754,1777;1681,1777;1498,2126;625,2126;*
1777;1754,1777;1681,1777;1498,2126;625,2126;*
1786;1786,1798;1786,1924;1498,2126;625,2126;*
1789;1786,1798;1786,1924;1498,2126;625,2126;*
1795;1786,1798;1786,1924;1498,2126;625,2126;*
1796;1786,1798;1786,1924;1498,2126;625,2126;*
1798;1786,1798;1786,1924;1498,2126;625,2126;*
1799;1799,1803;1786,1924;1498,2126;625,2126;*
1800;1799,1803;1786,1924;1498,2126;625,2126;*
1801;1799,1803;1786,1924;1498,2126;625,2126;*
1802;1799,1803;1786,1924;1498,2126;625,2126;*
1803;1799,1803;1786,1924;1498,2126;625,2126;*
1804;1804,1831;1786,1924;1498,2126;625,2126;*
1806;1804,1831;1786,1924;1498,2126;625,2126;*
1816;1804,1831;1786,1924;1498,2126;625,2126;*
1828;1804,1831;1786,1924;1498,2126;625,2126;*
1831;1804,1831;1786,1924;1498,2126;625,2126;*
1845;1845,1860;1786,1924;1498,2126;625,2126;*
1846;1845,1860;1786,1924;1498,2126;625,2126;*
1851;1845,1860;1786,1924;1498,2126;625,2126;*
1858;1845,1860;1786,1924;1498,2126;625,2126;*
1860;1845,1860;1786,1924;1498,2126;625,2126;*
1870;1870,1924;1786,1924;1498,2126;625,2126;*
1877;1870,1924;1786,1924;1498,2126;625,2126;*
1914;1870,1924;1786,1924;1498,2126;625,2126;*
1916;1870,1924;1786,1924;1498,2126;625,2126;*
1924;1870,1924;1786,1924;1498,2126;625,2126;*
1925;1925,1942;1925,2126;1498,2126;625,2126;*
1929;1925,1942;1925,2126;1498,2126;625,2126;*
1931;1925,1942;1925,2126;1498,2126;625,2126;*
1935;1925,1942;1925,2126;1498,2126;625,2126;*
1942;1925,1942;1925,2126;1498,2126;625,2126;*
1960;1960,1994;1925,2126;1498,2126;625,2126;*
1983;1960,1994;1925,2126;1498,2126;625,2126;*
1987;1960,1994;1925,2126;1498,2126;625,2126;*
1991;1960,1994;1925,2126;1498,2126;625,2126;*
1994;1960,1994;1925,2126;1498,2126;625,2126;*
1999;1999,2044;1925,2126;1498,2126;625,2126;*
2016;1999,2044;1925,2126;1498,2126;625,2126;*
2028;1999,2044;1925,2126;1498,2126;625,2126;*
2034;1999,2044;1925,2126;1498,2126;625,2126;*
2044;1999,2044;1925,2126;1498,2126;625,2126;*
2056;2056,2084;1925,2126;1498,2126;625,2126;*
2057;2056,2084;1925,2126;1498,2126;625,2126;*
2068;2056,2084;1925,2126;1498,2126;625,2126;*
2078;2056,2084;1925,2126;1498,2126;625,2126;*
2084;2056,2084;1925,2126;1498,2126;625,2126;*
2088;2088,2126;1925,2126;1498,2126;625,2126;*
2102;2088,2126;1925,2126;1498,2126;625,2126;*
2108;2088,2126;1925,2126;1498,2126;625,2126;*
2117;2088,2126;1925,2126;1498,2126;625,2126;*
2126;2088,2126;1925,2126;1498,2126;625,2126;*
2130;2130,2154;2130,2424;2130,71630;2130,71630;*
2135;2130,2154;2130,2424;2130,71630;2130,71630;*
2148;2130,2154;2130,2424;2130,71630;2130,71630;*
2150;2130,2154;2130,2424;2130,71630;2130,71630;*
2154;2130,2154;2130,2424;2130,71630;2130,71630;*
2171;2171,2214;2130,2424;2130,71630;2130,71630;*
2187;2171,2214;2130,2424;2130,71630;2130,71630;*
2200;2171,2214;2130,2424;2130,71630;2130,71630;*
2207;2171,2214;2130,2424;2130,71630;2130,71630;*
2214;2171,2214;2130,2424;2130,71630;2130,71630;*
2251;2251,2274;2130,2424;2130,71630;2130,71630;*
2255;2251,2274;2130,2424;2130,71630;2130,71630;*
2266;2251,2274;2130,2424;2130,71630;2130,71630;*
2270;2251,2274;2130,2424;2130,71630;2130,71630;*
2274;2251,2274;2130,2424;2130,71630;2130,71630;*
2315;2315,2371;2130,2424;2130,71630;2130,71630;*
2321;2315,2371;2130,2424;2130,71630;2130,71630;*
2333;2315,2371;2130,2424;2130,71630;2130,71630;*
2351;2315,2371;2130,2424;2130,71630;2130,71630;*
2371;2315,2371;2130,2424;2130,71630;2130,71630;*
2374;2374,2424;2130,2424;2130,71630;2130,71630;*
2380;2374,2424;2130,2424;2130,71630;2130,71630;*
2391;2374,2424;2130,2424;2130,71630;2130,71630;*
2393;2374,2424;2130,2424;2130,71630;2130,71630;*
2424;2374,2424;2130,2424;2130,71630;2130,71630;*
2440;2440,2494;2440,2839;2130,71630;2130,71630;*
2442;2440,2494;2440,2839;2130,71630;2130,71630;*
2479;2440,2494;2440,2839;2130,71630;2130,71630;*
2489;2440,2494;2440,2839;2130,71630;2130,71630;*
2494;2440,2494;2440,2839;2130,71630;2130,71630;*
2498;2498,2570;2440,2839;2130,71630;2130,71630;*
2504;2498,2570;2440,2839;2130,71630;2130,71630;*
2516;2498,2570;2440,2839;2130,71630;2130,71630;*
2569;2498,2570;2440,2839;2130,71630;2130,71630;*
2570;2498,2570;2440,2839;2130,71630;2130,71630;*
2581;2581,2639;2440,2839;2130,71630;2130,71630;*
2587;2581,2639;2440,2839;2130,71630;2130,71630;*
2589;2581,2639;2440,2839;2130,71630;2130,71630;*
2628;2581,2639;2440,2839;2130,71630;2130,71630;*
2639;2581,2639;2440,2839;2130,71630;2130,71630;*
2654;2654,2779;2440,2839;2130,71630;2130,71630;*
2720;2654,2779;2440,2839;2130,71630;2130,71630;*
2722;2654,2779;2440,2839;2130,71630;2130,71630;*
2740;2654,2779;2440,2839;2130,71630;2130,71630;*
2779;2654,2779;2440,2839;2130,71630;2130,71630;*
2782;2782,2839;2440,2839;2130,71630;2130,71630;*
2784;2782,2839;2440,2839;2130,71630;2130,71630;*
2820;2782,2839;2440,2839;2130,71630;2130,71630;*
2835;2782,2839;2440,2839;2130,71630;2130,71630;*
2839;2782,2839;2440,2839;2130,71630;2130,71630;*
2844;2844,2944;2844,3489;2130,71630;2130,71630;*
2853;2844,2944;2844,3489;2130,71630;2130,71630;*
2854;2844,2944;2844,3489;2130,71630;2130,71630;*
2924;2844,2944;2844,3489;2130,71630;2130,71630;*
2944;2844,2944;2844,3489;2130,71630;2130,71630;*
2999;2999,3049;2844,3489;2130,71630;2130,71630;*
3022;2999,3049;2844,3489;2130,71630;2130,71630;*
3026;2999,3049;2844,3489;2130,71630;2130,71630;*
3030;2999,3049;2844,3489;2130,71630;2130,71630;*
3049;2999,3049;2844,3489;2130,71630;2130,71630;*
3055;3055,3125;2844,3489;2130,71630;2130,71630;*
3079;3055,3125;2844,3489;2130,71630;2130,71630;*
3107;3055,3125;2844,3489;2130,71630;2130,71630;*
3111;3055,3125;2844,3489;2130,71630;2130,71630;*
3125;3055,3125;2844,3489;2130,71630;2130,71630;*
3140;3140,3295;2844,3489;2130,71630;2130,71630;*
3191;3140,3295;2844,3489;2130,71630;2130,71630;*
3260;3140,3295;2844,3489;2130,71630;2130,71630;*
3283;3140,3295;2844,3489;2130,71630;2130,71630;*
3295;3140,3295;2844,3489;2130,71630;2130,71630;*
3320;3320,3489;2844,3489;2130,71630;2130,71630;*
3370;3320,3489;2844,3489;2130,71630;2130,71630;*
3416;3320,3489;2844,3489;2130,71630;2130,71630;*
3485;3320,3489;2844,3489;2130,71630;2130,71630;*
3489;3320,3489;2844,3489;2130,71630;2130,71630;*
3508;3508,3617;3508,8587;2130,71630;2130,71630;*
3535;3508,3617;3508,8587;2130,71630;2130,71630;*
3579;3508,3617;3508,8587;2130,71630;2130,71630;*
3599;3508,3617;3508,8587;2130,71630;2130,71630;*
3617;3508,3617;3508,8587;2130,71630;2130,71630;*
3642;3642,4424;3508,8587;2130,71630;2130,71630;*
3749;3642,4424;3508,8587;2130,71630;2130,71630;*
4088;3642,4424;3508,8587;2130,71630;2130,71630;*
4311;3642,4424;3508,8587;2130,71630;2130,71630;*
4424;3642,4424;3508,8587;2130,71630;2130,71630;*
4457;4457,4709;3508,8587;2130,71630;2130,71630;*
4562;4457,4709;3508,8587;2130,71630;2130,71630;*
4640;4457,4709;3508,8587;2130,71630;2130,71630;*
4682;4457,4709;3508,8587;2130,71630;2130,71630;*
4709;4457,4709;3508,8587;2130,71630;2130,71630;*
4712;4712,5402;3508,8587;2130,71630;2130,71630;*
5366;4712,5402;3508,8587;2130,71630;2130,71630;*
5367;4712,5402;3508,8587;2130,71630;2130,71630;*
5378;4712,5402;3508,8587;2130,71630;2130,71630;*
5402;4712,5402;3508,8587;2130,71630;2130,71630;*
5502;5502,8587;3508,8587;2130,71630;2130,71630;*
5644;5502,8587;3508,8587;2130,71630;2130,71630;*
5876;5502,8587;3508,8587;2130,71630;2130,71630;*
6797;5502,8587;3508,8587;2130,71630;2130,71630;*
8587;5502,8587;3508,8587;2130,71630;2130,71630;*
8794;8794,16878;8794,71630;2130,71630;2130,71630;*
8857;8794,16878;8794,71630;2130,71630;2130,71630;*
9372;8794,16878;8794,71630;2130,71630;2130,71630;*
13227;8794,16878;8794,71630;2130,71630;2130,71630;*
16878;8794,16878;8794,71630;2130,71630;2130,71630;*
39981;39981,71630;8794,71630;2130,71630;2130,71630;*
71630;39981,71630;8794,71630;2130,71630;2130,71630;*
