0;0,4;0,24;0,124;0,681;*
1;0,4;0,24;0,124;0,681;*
2;0,4;0,24;0,124;0,681;*
3;0,4;0,24;0,124;0,681;*
4;0,4;0,24;0,124;0,681;*
5;5,9;0,24;0,124;0,681;*
6;5,9;0,24;0,124;0,681;*
7;5,9;0,24;0,124;0,681;*
8;5,9;0,24;0,124;0,681;*
9;5,9;0,24;0,124;0,681;*
10;10,14;0,24;0,124;0,681;*
11;10,14;0,24;0,124;0,681;*
12;10,14;0,24;0,124;0,681;*
13;10,14;0,24;0,124;0,681;*
14;10,14;0,24;0,124;0,681;*
15;15,19;0,24;0,124;0,681;*
16;15,19;0,24;0,124;0,681;*
17;15,19;0,24;0,124;0,681;*
18;15,19;0,24;0,124;0,681;*
19;15,19;0,24;0,124;0,681;*
20;20,24;0,24;0,124;0,681;*
21;20,24;0,24;0,124;0,681;*
22;20,24;0,24;0,124;0,681;*
23;20,24;0,24;0,124;0,681;*
24;20,24;0,24;0,124;0,681;*
25;25,29;25,49;0,124;0,681;*
26;25,29;25,49;0,124;0,681;*
27;25,29;25,49;0,124;0,681;*
28;25,29;25,49;0,124;0,681;*
29;25,29;25,49;0,124;0,681;*
30;30,34;25,49;0,124;0,681;*
31;30,34;25,49;0,124;0,681;*
32;30,34;25,49;0,124;0,681;*
33;30,34;25,49;0,124;0,681;*
34;30,34;25,49;0,124;0,681;*
35;35,39;25,49;0,124;0,681;*
36;35,39;25,49;0,124;0,681;*
37;35,39;25,49;0,124;0,681;*
38;35,39;25,49;0,124;0,681;*
39;35,39;25,49;0,124;0,681;*
40;40,44;25,49;0,124;0,681;*
41;40,44;25,49;0,124;0,681;*
42;40,44;25,49;0,124;0,681;*
43;40,44;25,49;0,124;0,681;*
44;40,44;25,49;0,124;0,681;*
45;45,49;25,49;0,124;0,681;*
46;45,49;25,49;0,124;0,681;*
47;45,49;25,49;0,124;0,681;*
48;45,49;25,49;0,124;0,681;*
49;45,49;25,49;0,124;0,681;*
50;50,54;50,74;0,124;0,681;*
51;50,54;50,74;0,124;0,681;*
52;50,54;50,74;0,124;0,681;*
53;50,54;50,74;0,124;0,681;*
54;50,54;50,74;0,124;0,681;*
55;55,59;50,74;0,124;0,681;*
56;55,59;50,74;0,124;0,681;*
57;55,59;50,74;0,124;0,681;*
58;55,59;50,74;0,124;0,681;*
59;55,59;50,74;0,124;0,681;*
60;60,64;50,74;0,124;0,681;*
61;60,64;50,74;0,124;0,681;*
62;60,64;50,74;0,124;0,681;*
63;60,64;50,74;0,124;0,681;*
64;60,64;50,74;0,124;0,681;*
65;65,69;50,74;0,124;0,681;*
66;65,69;50,74;0,124;0,681;*
67;65,69;50,74;0,124;0,681;*
68;65,69;50,74;0,124;0,681;*
69;65,69;50,74;0,124;0,681;*
70;70,74;50,74;0,124;0,681;*
71;70,74;50,74;0,124;0,681;*
72;70,74;50,74;0,124;0,681;*
73;70,74;50,74;0,124;0,681;*
74;70,74;50,74;0,124;0,681;*
75;75,79;75,99;0,124;0,681;*
76;75,79;75,99;0,124;0,681;*
77;75,79;75,99;0,124;0,681;*
78;75,79;75,99;0,124;0,681;*
79;75,79;75,99;0,124;0,681;*
80;80,84;75,99;0,124;0,681;*
81;80,84;75,99;0,124;0,681;*
82;80,84;75,99;0,124;0,681;*
83;80,84;75,99;0,124;0,681;*
84;80,84;75,99;0,124;0,681;*
85;85,89;75,99;0,124;0,681;*
86;85,89;75,99;0,124;0,681;*
87;85,89;75,99;0,124;0,681;*
88;85,89;75,99;0,124;0,681;*
89;85,89;75,99;0,124;0,681;*
90;90,94;75,99;0,124;0,681;*
91;90,94;75,99;0,124;0,681;*
92;90,94;75,99;0,124;0,681;*
93;90,94;75,99;0,124;0,681;*
94;90,94;75,99;0,124;0,681;*
95;95,99;75,99;0,124;0,681;*
96;95,99;75,99;0,124;0,681;*
97;95,99;75,99;0,124;0,681;*
98;95,99;75,99;0,124;0,681;*
99;95,99;75,99;0,124;0,681;*
100;100,104;100,124;0,124;0,681;*
101;100,104;100,124;0,124;0,681;*
102;100,104;100,124;0,124;0,681;*
103;100,104;100,124;0,124;0,681;*
104;100,104;100,124;0,124;0,681;*
105;105,109;100,124;0,124;0,681;*
106;105,109;100,124;0,124;0,681;*
107;105,109;100,124;0,124;0,681;*
108;105,109;100,124;0,124;0,681;*
109;105,109;100,124;0,124;0,681;*
110;110,114;100,124;0,124;0,681;*
111;110,114;100,124;0,124;0,681;*
112;110,114;100,124;0,124;0,681;*
113;110,114;100,124;0,124;0,681;*
114;110,114;100,124;0,124;0,681;*
115;115,119;100,124;0,124;0,681;*
116;115,119;100,124;0,124;0,681;*
117;115,119;100,124;0,124;0,681;*
118;115,119;100,124;0,124;0,681;*
119;115,119;100,124;0,124;0,681;*
120;120,124;100,124;0,124;0,681;*
121;120,124;100,124;0,124;0,681;*
122;120,124;100,124;0,124;0,681;*
123;120,124;100,124;0,124;0,681;*
124;120,124;100,124;0,124;0,681;*
125;125,129;125,149;125,249;0,681;*
126;125,129;125,149;125,249;0,681;*
127;125,129;125,149;125,249;0,681;*
128;125,129;125,149;125,249;0,681;*
129;125,129;125,149;125,249;0,681;*
130;130,134;125,149;125,249;0,681;*
131;130,134;125,149;125,249;0,681;*
132;130,134;125,149;125,249;0,681;*
133;130,134;125,149;125,249;0,681;*
134;130,134;125,149;125,249;0,681;*
135;135,139;125,149;125,249;0,681;*
136;135,139;125,149;125,249;0,681;*
137;135,139;125,149;125,249;0,681;*
138;135,139;125,149;125,249;0,681;*
139;135,139;125,149;125,249;0,681;*
140;140,144;125,149;125,249;0,681;*
141;140,144;125,149;125,249;0,681;*
142;140,144;125,149;125,249;0,681;*
143;140,144;125,149;125,249;0,681;*
144;140,144;125,149;125,249;0,681;*
145;145,149;125,149;125,249;0,681;*
146;145,149;125,149;125,249;0,681;*
147;145,149;125,149;125,249;0,681;*
148;145,149;125,149;125,249;0,681;*
149;145,149;125,149;125,249;0,681;*
150;150,154;150,174;125,249;0,681;*
151;150,154;150,174;125,249;0,681;*
152;150,154;150,174;125,249;0,681;*
153;150,154;150,174;125,249;0,681;*
154;150,154;150,174;125,249;0,681;*
155;155,159;150,174;125,249;0,681;*
156;155,159;150,174;125,249;0,681;*
157;155,159;150,174;125,249;0,681;*
158;155,159;150,174;125,249;0,681;*
159;155,159;150,174;125,249;0,681;*
160;160,164;150,174;125,249;0,681;*
161;160,164;150,174;125,249;0,681;*
162;160,164;150,174;125,249;0,681;*
163;160,164;150,174;125,249;0,681;*
164;160,164;150,174;125,249;0,681;*
165;165,169;150,174;125,249;0,681;*
166;165,169;150,174;125,249;0,681;*
167;165,169;150,174;125,249;0,681;*
168;165,169;150,174;125,249;0,681;*
169;165,169;150,174;125,249;0,681;*
170;170,174;150,174;125,249;0,681;*
171;170,174;150,174;125,249;0,681;*
172;170,174;150,174;125,249;0,681;*
173;170,174;150,174;125,249;0,681;*
174;170,174;150,174;125,249;0,681;*
175;175,179;175,199;125,249;0,681;*
176;175,179;175,199;125,249;0,681;*
177;175,179;175,199;125,249;0,681;*
178;175,179;175,199;125,249;0,681;*
179;175,179;175,199;125,249;0,681;*
180;180,184;175,199;125,249;0,681;*
181;180,184;175,199;125,249;0,681;*
182;180,184;175,199;125,249;0,681;*
183;180,184;175,199;125,249;0,681;*
184;180,184;175,199;125,249;0,681;*
185;185,189;175,199;125,249;0,681;*
186;185,189;175,199;125,249;0,681;*
187;185,189;175,199;125,249;0,681;*
188;185,189;175,199;125,249;0,681;*
189;185,189;175,199;125,249;0,681;*
190;190,194;175,199;125,249;0,681;*
191;190,194;175,199;125,249;0,681;*
192;190,194;175,199;125,249;0,681;*
193;190,194;175,199;125,249;0,681;*
194;190,194;175,199;125,249;0,681;*
195;195,199;175,199;125,249;0,681;*
196;195,199;175,199;125,249;0,681;*
197;195,199;175,199;125,249;0,681;*
198;195,199;175,199;125,249;0,681;*
199;195,199;175,199;125,249;0,681;*
200;200,204;200,224;125,249;0,681;*
201;200,204;200,224;125,249;0,681;*
202;200,204;200,224;125,249;0,681;*
203;200,204;200,224;125,249;0,681;*
204;200,204;200,224;125,249;0,681;*
205;205,209;200,224;125,249;0,681;*
206;205,209;200,224;125,249;0,681;*
207;205,209;200,224;125,249;0,681;*
208;205,209;200,224;125,249;0,681;*
209;205,209;200,224;125,249;0,681;*
210;210,214;200,224;125,249;0,681;*
211;210,214;200,224;125,249;0,681;*
212;210,214;200,224;125,249;0,681;*
213;210,214;200,224;125,249;0,681;*
214;210,214;200,224;125,249;0,681;*
215;215,219;200,224;125,249;0,681;*
216;215,219;200,224;125,249;0,681;*
217;215,219;200,224;125,249;0,681;*
218;215,219;200,224;125,249;0,681;*
219;215,219;200,224;125,249;0,681;*
220;220,224;200,224;125,249;0,681;*
221;220,224;200,224;125,249;0,681;*
222;220,224;200,224;125,249;0,681;*
223;220,224;200,224;125,249;0,681;*
224;220,224;200,224;125,249;0,681;*
225;225,229;225,249;125,249;0,681;*
226;225,229;225,249;125,249;0,681;*
227;225,229;225,249;125,249;0,681;*
228;225,229;225,249;125,249;0,681;*
229;225,229;225,249;125,249;0,681;*
230;230,234;225,249;125,249;0,681;*
231;230,234;225,249;125,249;0,681;*
232;230,234;225,249;125,249;0,681;*
233;230,234;225,249;125,249;0,681;*
234;230,234;225,249;125,249;0,681;*
235;235,239;225,249;125,249;0,681;*
236;235,239;225,249;125,249;0,681;*
237;235,239;225,249;125,249;0,681;*
238;235,239;225,249;125,249;0,681;*
239;235,239;225,249;125,249;0,681;*
240;240,244;225,249;125,249;0,681;*
241;240,244;225,249;125,249;0,681;*
242;240,244;225,249;125,249;0,681;*
243;240,244;225,249;125,249;0,681;*
244;240,244;225,249;125,249;0,681;*
245;245,249;225,249;125,249;0,681;*
246;245,249;225,249;125,249;0,681;*
247;245,249;225,249;125,249;0,681;*
248;245,249;225,249;125,249;0,681;*
249;245,249;225,249;125,249;0,681;*
250;250,254;250,274;250,374;0,681;*
251;250,254;250,274;250,374;0,681;*
252;250,254;250,274;250,374;0,681;*
253;250,254;250,274;250,374;0,681;*
254;250,254;250,274;250,374;0,681;*
255;255,259;250,274;250,374;0,681;*
256;255,259;250,274;250,374;0,681;*
257;255,259;250,274;250,374;0,681;*
258;255,259;250,274;250,374;0,681;*
259;255,259;250,274;250,374;0,681;*
260;260,264;250,274;250,374;0,681;*
261;260,264;250,274;250,374;0,681;*
262;260,264;250,274;250,374;0,681;*
263;260,264;250,274;250,374;0,681;*
264;260,264;250,274;250,374;0,681;*
265;265,269;250,274;250,374;0,681;*
266;265,269;250,274;250,374;0,681;*
267;265,269;250,274;250,374;0,681;*
268;265,269;250,274;250,374;0,681;*
269;265,269;250,274;250,374;0,681;*
270;270,274;250,274;250,374;0,681;*
271;270,274;250,274;250,374;0,681;*
272;270,274;250,274;250,374;0,681;*
273;270,274;250,274;250,374;0,681;*
274;270,274;250,274;250,374;0,681;*
275;275,279;275,299;250,374;0,681;*
276;275,279;275,299;250,374;0,681;*
277;275,279;275,299;250,374;0,681;*
278;275,279;275,299;250,374;0,681;*
279;275,279;275,299;250,374;0,681;*
280;280,284;275,299;250,374;0,681;*
281;280,284;275,299;250,374;0,681;*
282;280,284;275,299;250,374;0,681;*
283;280,284;275,299;250,374;0,681;*
284;280,284;275,299;250,374;0,681;*
285;285,289;275,299;250,374;0,681;*
286;285,289;275,299;250,374;0,681;*
287;285,289;275,299;250,374;0,681;*
288;285,289;275,299;250,374;0,681;*
289;285,289;275,299;250,374;0,681;*
290;290,294;275,299;250,374;0,681;*
291;290,294;275,299;250,374;0,681;*
292;290,294;275,299;250,374;0,681;*
293;290,294;275,299;250,374;0,681;*
294;290,294;275,299;250,374;0,681;*
295;295,299;275,299;250,374;0,681;*
296;295,299;275,299;250,374;0,681;*
297;295,299;275,299;250,374;0,681;*
298;295,299;275,299;250,374;0,681;*
299;295,299;275,299;250,374;0,681;*
300;300,304;300,324;250,374;0,681;*
301;300,304;300,324;250,374;0,681;*
302;300,304;300,324;250,374;0,681;*
303;300,304;300,324;250,374;0,681;*
304;300,304;300,324;250,374;0,681;*
305;305,309;300,324;250,374;0,681;*
306;305,309;300,324;250,374;0,681;*
307;305,309;300,324;250,374;0,681;*
308;305,309;300,324;250,374;0,681;*
309;305,309;300,324;250,374;0,681;*
310;310,314;300,324;250,374;0,681;*
311;310,314;300,324;250,374;0,681;*
312;310,314;300,324;250,374;0,681;*
313;310,314;300,324;250,374;0,681;*
314;310,314;300,324;250,374;0,681;*
315;315,319;300,324;250,374;0,681;*
316;315,319;300,324;250,374;0,681;*
317;315,319;300,324;250,374;0,681;*
318;315,319;300,324;250,374;0,681;*
319;315,319;300,324;250,374;0,681;*
320;320,324;300,324;250,374;0,681;*
321;320,324;300,324;250,374;0,681;*
322;320,324;300,324;250,374;0,681;*
323;320,324;300,324;250,374;0,681;*
324;320,324;300,324;250,374;0,681;*
325;325,329;325,349;250,374;0,681;*
326;325,329;325,349;250,374;0,681;*
327;325,329;325,349;250,374;0,681;*
328;325,329;325,349;250,374;0,681;*
329;325,329;325,349;250,374;0,681;*
330;330,334;325,349;250,374;0,681;*
331;330,334;325,349;250,374;0,681;*
332;330,334;325,349;250,374;0,681;*
333;330,334;325,349;250,374;0,681;*
334;330,334;325,349;250,374;0,681;*
335;335,339;325,349;250,374;0,681;*
336;335,339;325,349;250,374;0,681;*
337;335,339;325,349;250,374;0,681;*
338;335,339;325,349;250,374;0,681;*
339;335,339;325,349;250,374;0,681;*
340;340,344;325,349;250,374;0,681;*
341;340,344;325,349;250,374;0,681;*
342;340,344;325,349;250,374;0,681;*
343;340,344;325,349;250,374;0,681;*
344;340,344;325,349;250,374;0,681;*
345;345,349;325,349;250,374;0,681;*
346;345,349;325,349;250,374;0,681;*
347;345,349;325,349;250,374;0,681;*
348;345,349;325,349;250,374;0,681;*
349;345,349;325,349;250,374;0,681;*
350;350,354;350,374;250,374;0,681;*
351;350,354;350,374;250,374;0,681;*
352;350,354;350,374;250,374;0,681;*
353;350,354;350,374;250,374;0,681;*
354;350,354;350,374;250,374;0,681;*
355;355,359;350,374;250,374;0,681;*
356;355,359;350,374;250,374;0,681;*
357;355,359;350,374;250,374;0,681;*
358;355,359;350,374;250,374;0,681;*
359;355,359;350,374;250,374;0,681;*
360;360,364;350,374;250,374;0,681;*
361;360,364;350,374;250,374;0,681;*
362;360,364;350,374;250,374;0,681;*
363;360,364;350,374;250,374;0,681;*
364;360,364;350,374;250,374;0,681;*
365;365,369;350,374;250,374;0,681;*
366;365,369;350,374;250,374;0,681;*
367;365,369;350,374;250,374;0,681;*
368;365,369;350,374;250,374;0,681;*
369;365,369;350,374;250,374;0,681;*
370;370,374;350,374;250,374;0,681;*
371;370,374;350,374;250,374;0,681;*
372;370,374;350,374;250,374;0,681;*
373;370,374;350,374;250,374;0,681;*
374;370,374;350,374;250,374;0,681;*
375;375,379;375,399;375,510;0,681;*
376;375,379;375,399;375,510;0,681;*
377;375,379;375,399;375,510;0,681;*
378;375,379;375,399;375,510;0,681;*
379;375,379;375,399;375,510;0,681;*
380;380,384;375,399;375,510;0,681;*
381;380,384;375,399;375,510;0,681;*
382;380,384;375,399;375,510;0,681;*
383;380,384;375,399;375,510;0,681;*
384;380,384;375,399;375,510;0,681;*
385;385,389;375,399;375,510;0,681;*
386;385,389;375,399;375,510;0,681;*
387;385,389;375,399;375,510;0,681;*
388;385,389;375,399;375,510;0,681;*
389;385,389;375,399;375,510;0,681;*
390;390,394;375,399;375,510;0,681;*
391;390,394;375,399;375,510;0,681;*
392;390,394;375,399;375,510;0,681;*
393;390,394;375,399;375,510;0,681;*
394;390,394;375,399;375,510;0,681;*
395;395,399;375,399;375,510;0,681;*
396;395,399;375,399;375,510;0,681;*
397;395,399;375,399;375,510;0,681;*
398;395,399;375,399;375,510;0,681;*
399;395,399;375,399;375,510;0,681;*
400;400,404;400,426;375,510;0,681;*
401;400,404;400,426;375,510;0,681;*
402;400,404;400,426;375,510;0,681;*
403;400,404;400,426;375,510;0,681;*
404;400,404;400,426;375,510;0,681;*
405;405,409;400,426;375,510;0,681;*
406;405,409;400,426;375,510;0,681;*
407;405,409;400,426;375,510;0,681;*
408;405,409;400,426;375,510;0,681;*
409;405,409;400,426;375,510;0,681;*
411;411,415;400,426;375,510;0,681;*
412;411,415;400,426;375,510;0,681;*
413;411,415;400,426;375,510;0,681;*
414;411,415;400,426;375,510;0,681;*
415;411,415;400,426;375,510;0,681;*
417;417,421;400,426;375,510;0,681;*
418;417,421;400,426;375,510;0,681;*
419;417,421;400,426;375,510;0,681;*
420;417,421;400,426;375,510;0,681;*
421;417,421;400,426;375,510;0,681;*
422;422,426;400,426;375,510;0,681;*
423;422,426;400,426;375,510;0,681;*
424;422,426;400,426;375,510;0,681;*
425;422,426;400,426;375,510;0,681;*
426;422,426;400,426;375,510;0,681;*
427;427,431;427,454;375,510;0,681;*
428;427,431;427,454;375,510;0,681;*
429;427,431;427,454;375,510;0,681;*
430;427,431;427,454;375,510;0,681;*
431;427,431;427,454;375,510;0,681;*
432;432,436;427,454;375,510;0,681;*
433;432,436;427,454;375,510;0,681;*
434;432,436;427,454;375,510;0,681;*
435;432,436;427,454;375,510;0,681;*
436;432,436;427,454;375,510;0,681;*
437;437,442;427,454;375,510;0,681;*
438;437,442;427,454;375,510;0,681;*
439;437,442;427,454;375,510;0,681;*
440;437,442;427,454;375,510;0,681;*
442;437,442;427,454;375,510;0,681;*
443;443,447;427,454;375,510;0,681;*
444;443,447;427,454;375,510;0,681;*
445;443,447;427,454;375,510;0,681;*
446;443,447;427,454;375,510;0,681;*
447;443,447;427,454;375,510;0,681;*
449;449,454;427,454;375,510;0,681;*
450;449,454;427,454;375,510;0,681;*
451;449,454;427,454;375,510;0,681;*
453;449,454;427,454;375,510;0,681;*
454;449,454;427,454;375,510;0,681;*
455;455,459;455,481;375,510;0,681;*
456;455,459;455,481;375,510;0,681;*
457;455,459;455,481;375,510;0,681;*
458;455,459;455,481;375,510;0,681;*
459;455,459;455,481;375,510;0,681;*
460;460,465;455,481;375,510;0,681;*
461;460,465;455,481;375,510;0,681;*
462;460,465;455,481;375,510;0,681;*
464;460,465;455,481;375,510;0,681;*
465;460,465;455,481;375,510;0,681;*
466;466,470;455,481;375,510;0,681;*
467;466,470;455,481;375,510;0,681;*
468;466,470;455,481;375,510;0,681;*
469;466,470;455,481;375,510;0,681;*
470;466,470;455,481;375,510;0,681;*
471;471,475;455,481;375,510;0,681;*
472;471,475;455,481;375,510;0,681;*
473;471,475;455,481;375,510;0,681;*
474;471,475;455,481;375,510;0,681;*
475;471,475;455,481;375,510;0,681;*
477;477,481;455,481;375,510;0,681;*
478;477,481;455,481;375,510;0,681;*
479;477,481;455,481;375,510;0,681;*
480;477,481;455,481;375,510;0,681;*
481;477,481;455,481;375,510;0,681;*
482;482,486;482,510;375,510;0,681;*
483;482,486;482,510;375,510;0,681;*
484;482,486;482,510;375,510;0,681;*
485;482,486;482,510;375,510;0,681;*
486;482,486;482,510;375,510;0,681;*
488;488,493;482,510;375,510;0,681;*
489;488,493;482,510;375,510;0,681;*
490;488,493;482,510;375,510;0,681;*
491;488,493;482,510;375,510;0,681;*
493;488,493;482,510;375,510;0,681;*
494;494,499;482,510;375,510;0,681;*
496;494,499;482,510;375,510;0,681;*
497;494,499;482,510;375,510;0,681;*
498;494,499;482,510;375,510;0,681;*
499;494,499;482,510;375,510;0,681;*
500;500,505;482,510;375,510;0,681;*
501;500,505;482,510;375,510;0,681;*
502;500,505;482,510;375,510;0,681;*
504;500,505;482,510;375,510;0,681;*
505;500,505;482,510;375,510;0,681;*
506;506,510;482,510;375,510;0,681;*
507;506,510;482,510;375,510;0,681;*
508;506,510;482,510;375,510;0,681;*
509;506,510;482,510;375,510;0,681;*
510;506,510;482,510;375,510;0,681;*
511;511,516;511,539;511,681;0,681;*
513;511,516;511,539;511,681;0,681;*
514;511,516;511,539;511,681;0,681;*
515;511,516;511,539;511,681;0,681;*
516;511,516;511,539;511,681;0,681;*
518;518,523;511,539;511,681;0,681;*
519;518,523;511,539;511,681;0,681;*
520;518,523;511,539;511,681;0,681;*
522;518,523;511,539;511,681;0,681;*
523;518,523;511,539;511,681;0,681;*
524;524,529;511,539;511,681;0,681;*
525;524,529;511,539;511,681;0,681;*
526;524,529;511,539;511,681;0,681;*
528;524,529;511,539;511,681;0,681;*
529;524,529;511,539;511,681;0,681;*
530;530,534;511,539;511,681;0,681;*
531;530,534;511,539;511,681;0,681;*
532;530,534;511,539;511,681;0,681;*
533;530,534;511,539;511,681;0,681;*
534;530,534;511,539;511,681;0,681;*
535;535,539;511,539;511,681;0,681;*
536;535,539;511,539;511,681;0,681;*
537;535,539;511,539;511,681;0,681;*
538;535,539;511,539;511,681;0,681;*
539;535,539;511,539;511,681;0,681;*
540;540,547;540,575;511,681;0,681;*
543;540,547;540,575;511,681;0,681;*
544;540,547;540,575;511,681;0,681;*
546;540,547;540,575;511,681;0,681;*
547;540,547;540,575;511,681;0,681;*
548;548,552;540,575;511,681;0,681;*
549;548,552;540,575;511,681;0,681;*
550;548,552;540,575;511,681;0,681;*
551;548,552;540,575;511,681;0,681;*
552;548,552;540,575;511,681;0,681;*
553;553,558;540,575;511,681;0,681;*
555;553,558;540,575;511,681;0,681;*
556;553,558;540,575;511,681;0,681;*
557;553,558;540,575;511,681;0,681;*
558;553,558;540,575;511,681;0,681;*
560;560,566;540,575;511,681;0,681;*
561;560,566;540,575;511,681;0,681;*
562;560,566;540,575;511,681;0,681;*
563;560,566;540,575;511,681;0,681;*
566;560,566;540,575;511,681;0,681;*
567;567,575;540,575;511,681;0,681;*
570;567,575;540,575;511,681;0,681;*
572;567,575;540,575;511,681;0,681;*
573;567,575;540,575;511,681;0,681;*
575;567,575;540,575;511,681;0,681;*
576;576,581;576,612;511,681;0,681;*
577;576,581;576,612;511,681;0,681;*
578;576,581;576,612;511,681;0,681;*
579;576,581;576,612;511,681;0,681;*
581;576,581;576,612;511,681;0,681;*
583;583,587;576,612;511,681;0,681;*
584;583,587;576,612;511,681;0,681;*
585;583,587;576,612;511,681;0,681;*
586;583,587;576,612;511,681;0,681;*
587;583,587;576,612;511,681;0,681;*
588;588,597;576,612;511,681;0,681;*
590;588,597;576,612;511,681;0,681;*
591;588,597;576,612;511,681;0,681;*
592;588,597;576,612;511,681;0,681;*
597;588,597;576,612;511,681;0,681;*
598;598,605;576,612;511,681;0,681;*
601;598,605;576,612;511,681;0,681;*
603;598,605;576,612;511,681;0,681;*
604;598,605;576,612;511,681;0,681;*
605;598,605;576,612;511,681;0,681;*
607;607,612;576,612;511,681;0,681;*
608;607,612;576,612;511,681;0,681;*
609;607,612;576,612;511,681;0,681;*
610;607,612;576,612;511,681;0,681;*
612;607,612;576,612;511,681;0,681;*
616;616,622;616,652;511,681;0,681;*
619;616,622;616,652;511,681;0,681;*
620;616,622;616,652;511,681;0,681;*
621;616,622;616,652;511,681;0,681;*
622;616,622;616,652;511,681;0,681;*
624;624,628;616,652;511,681;0,681;*
625;624,628;616,652;511,681;0,681;*
626;624,628;616,652;511,681;0,681;*
627;624,628;616,652;511,681;0,681;*
628;624,628;616,652;511,681;0,681;*
629;629,636;616,652;511,681;0,681;*
630;629,636;616,652;511,681;0,681;*
631;629,636;616,652;511,681;0,681;*
634;629,636;616,652;511,681;0,681;*
636;629,636;616,652;511,681;0,681;*
637;637,645;616,652;511,681;0,681;*
638;637,645;616,652;511,681;0,681;*
641;637,645;616,652;511,681;0,681;*
644;637,645;616,652;511,681;0,681;*
645;637,645;616,652;511,681;0,681;*
646;646,652;616,652;511,681;0,681;*
648;646,652;616,652;511,681;0,681;*
650;646,652;616,652;511,681;0,681;*
651;646,652;616,652;511,681;0,681;*
652;646,652;616,652;511,681;0,681;*
653;653,658;653,681;511,681;0,681;*
654;653,658;653,681;511,681;0,681;*
656;653,658;653,681;511,681;0,681;*
657;653,658;653,681;511,681;0,681;*
658;653,658;653,681;511,681;0,681;*
659;659,663;653,681;511,681;0,681;*
660;659,663;653,681;511,681;0,681;*
661;659,663;653,681;511,681;0,681;*
662;659,663;653,681;511,681;0,681;*
663;659,663;653,681;511,681;0,681;*
665;665,669;653,681;511,681;0,681;*
666;665,669;653,681;511,681;0,681;*
667;665,669;653,681;511,681;0,681;*
668;665,669;653,681;511,681;0,681;*
669;665,669;653,681;511,681;0,681;*
671;671,675;653,681;511,681;0,681;*
672;671,675;653,681;511,681;0,681;*
673;671,675;653,681;511,681;0,681;*
674;671,675;653,681;511,681;0,681;*
675;671,675;653,681;511,681;0,681;*
676;676,681;653,681;511,681;0,681;*
678;676,681;653,681;511,681;0,681;*
679;676,681;653,681;511,681;0,681;*
680;676,681;653,681;511,681;0,681;*
681;676,681;653,681;511,681;0,681;*
683;683,689;683,724;683,968;683,14408;*
684;683,689;683,724;683,968;683,14408;*
687;683,689;683,724;683,968;683,14408;*
688;683,689;683,724;683,968;683,14408;*
689;683,689;683,724;683,968;683,14408;*
690;690,696;683,724;683,968;683,14408;*
692;690,696;683,724;683,968;683,14408;*
694;690,696;683,724;683,968;683,14408;*
695;690,696;683,724;683,968;683,14408;*
696;690,696;683,724;683,968;683,14408;*
698;698,703;683,724;683,968;683,14408;*
700;698,703;683,724;683,968;683,14408;*
701;698,703;683,724;683,968;683,14408;*
702;698,703;683,724;683,968;683,14408;*
703;698,703;683,724;683,968;683,14408;*
705;705,713;683,724;683,968;683,14408;*
707;705,713;683,724;683,968;683,14408;*
708;705,713;683,724;683,968;683,14408;*
712;705,713;683,724;683,968;683,14408;*
713;705,713;683,724;683,968;683,14408;*
715;715,724;683,724;683,968;683,14408;*
717;715,724;683,724;683,968;683,14408;*
720;715,724;683,724;683,968;683,14408;*
721;715,724;683,724;683,968;683,14408;*
724;715,724;683,724;683,968;683,14408;*
725;725,733;725,780;683,968;683,14408;*
726;725,733;725,780;683,968;683,14408;*
728;725,733;725,780;683,968;683,14408;*
729;725,733;725,780;683,968;683,14408;*
733;725,733;725,780;683,968;683,14408;*
736;736,741;725,780;683,968;683,14408;*
737;736,741;725,780;683,968;683,14408;*
739;736,741;725,780;683,968;683,14408;*
740;736,741;725,780;683,968;683,14408;*
741;736,741;725,780;683,968;683,14408;*
743;743,757;725,780;683,968;683,14408;*
747;743,757;725,780;683,968;683,14408;*
749;743,757;725,780;683,968;683,14408;*
752;743,757;725,780;683,968;683,14408;*
757;743,757;725,780;683,968;683,14408;*
760;760,770;725,780;683,968;683,14408;*
761;760,770;725,780;683,968;683,14408;*
765;760,770;725,780;683,968;683,14408;*
768;760,770;725,780;683,968;683,14408;*
770;760,770;725,780;683,968;683,14408;*
772;772,780;725,780;683,968;683,14408;*
777;772,780;725,780;683,968;683,14408;*
778;772,780;725,780;683,968;683,14408;*
779;772,780;725,780;683,968;683,14408;*
780;772,780;725,780;683,968;683,14408;*
784;784,797;784,836;683,968;683,14408;*
788;784,797;784,836;683,968;683,14408;*
790;784,797;784,836;683,968;683,14408;*
794;784,797;784,836;683,968;683,14408;*
797;784,797;784,836;683,968;683,14408;*
799;799,805;784,836;683,968;683,14408;*
801;799,805;784,836;683,968;683,14408;*
802;799,805;784,836;683,968;683,14408;*
804;799,805;784,836;683,968;683,14408;*
805;799,805;784,836;683,968;683,14408;*
809;809,818;784,836;683,968;683,14408;*
810;809,818;784,836;683,968;683,14408;*
813;809,818;784,836;683,968;683,14408;*
815;809,818;784,836;683,968;683,14408;*
818;809,818;784,836;683,968;683,14408;*
819;819,827;784,836;683,968;683,14408;*
820;819,827;784,836;683,968;683,14408;*
821;819,827;784,836;683,968;683,14408;*
824;819,827;784,836;683,968;683,14408;*
827;819,827;784,836;683,968;683,14408;*
830;830,836;784,836;683,968;683,14408;*
831;830,836;784,836;683,968;683,14408;*
833;830,836;784,836;683,968;683,14408;*
835;830,836;784,836;683,968;683,14408;*
836;830,836;784,836;683,968;683,14408;*
838;838,848;838,897;683,968;683,14408;*
840;838,848;838,897;683,968;683,14408;*
843;838,848;838,897;683,968;683,14408;*
844;838,848;838,897;683,968;683,14408;*
848;838,848;838,897;683,968;683,14408;*
851;851,860;838,897;683,968;683,14408;*
857;851,860;838,897;683,968;683,14408;*
858;851,860;838,897;683,968;683,14408;*
859;851,860;838,897;683,968;683,14408;*
860;851,860;838,897;683,968;683,14408;*
865;865,876;838,897;683,968;683,14408;*
869;865,876;838,897;683,968;683,14408;*
874;865,876;838,897;683,968;683,14408;*
875;865,876;838,897;683,968;683,14408;*
876;865,876;838,897;683,968;683,14408;*
881;881,887;838,897;683,968;683,14408;*
882;881,887;838,897;683,968;683,14408;*
883;881,887;838,897;683,968;683,14408;*
886;881,887;838,897;683,968;683,14408;*
887;881,887;838,897;683,968;683,14408;*
890;890,897;838,897;683,968;683,14408;*
891;890,897;838,897;683,968;683,14408;*
892;890,897;838,897;683,968;683,14408;*
896;890,897;838,897;683,968;683,14408;*
897;890,897;838,897;683,968;683,14408;*
900;900,921;900,968;683,968;683,14408;*
905;900,921;900,968;683,968;683,14408;*
913;900,921;900,968;683,968;683,14408;*
918;900,921;900,968;683,968;683,14408;*
921;900,921;900,968;683,968;683,14408;*
922;922,927;900,968;683,968;683,14408;*
923;922,927;900,968;683,968;683,14408;*
924;922,927;900,968;683,968;683,14408;*
925;922,927;900,968;683,968;683,14408;*
927;922,927;900,968;683,968;683,14408;*
929;929,940;900,968;683,968;683,14408;*
933;929,940;900,968;683,968;683,14408;*
937;929,940;900,968;683,968;683,14408;*
938;929,940;900,968;683,968;683,14408;*
940;929,940;900,968;683,968;683,14408;*
941;941,951;900,968;683,968;683,14408;*
946;941,951;900,968;683,968;683,14408;*
947;941,951;900,968;683,968;683,14408;*
950;941,951;900,968;683,968;683,14408;*
951;941,951;900,968;683,968;683,14408;*
953;953,968;900,968;683,968;683,14408;*
958;953,968;900,968;683,968;683,14408;*
965;953,968;900,968;683,968;683,14408;*
967;953,968;900,968;683,968;683,14408;*
968;953,968;900,968;683,968;683,14408;*
971;971,984;971,1065;971,2294;683,14408;*
973;971,984;971,1065;971,2294;683,14408;*
974;971,984;971,1065;971,2294;683,14408;*
978;971,984;971,1065;971,2294;683,14408;*
984;971,984;971,1065;971,2294;683,14408;*
992;992,1004;971,1065;971,2294;683,14408;*
997;992,1004;971,1065;971,2294;683,14408;*
998;992,1004;971,1065;971,2294;683,14408;*
1001;992,1004;971,1065;971,2294;683,14408;*
1004;992,1004;971,1065;971,2294;683,14408;*
1005;1005,1013;971,1065;971,2294;683,14408;*
1007;1005,1013;971,1065;971,2294;683,14408;*
1008;1005,1013;971,1065;971,2294;683,14408;*
1009;1005,1013;971,1065;971,2294;683,14408;*
1013;1005,1013;971,1065;971,2294;683,14408;*
1017;1017,1033;971,1065;971,2294;683,14408;*
1021;1017,1033;971,1065;971,2294;683,14408;*
1025;1017,1033;971,1065;971,2294;683,14408;*
1032;1017,1033;971,1065;971,2294;683,14408;*
1033;1017,1033;971,1065;971,2294;683,14408;*
1036;1036,1065;971,1065;971,2294;683,14408;*
1037;1036,1065;971,1065;971,2294;683,14408;*
1039;1036,1065;971,1065;971,2294;683,14408;*
1061;1036,1065;971,1065;971,2294;683,14408;*
1065;1036,1065;971,1065;971,2294;683,14408;*
1070;1070,1081;1070,1222;971,2294;683,14408;*
1072;1070,1081;1070,1222;971,2294;683,14408;*
1075;1070,1081;1070,1222;971,2294;683,14408;*
1080;1070,1081;1070,1222;971,2294;683,14408;*
1081;1070,1081;1070,1222;971,2294;683,14408;*
1088;1088,1114;1070,1222;971,2294;683,14408;*
1090;1088,1114;1070,1222;971,2294;683,14408;*
1092;1088,1114;1070,1222;971,2294;683,14408;*
1095;1088,1114;1070,1222;971,2294;683,14408;*
1114;1088,1114;1070,1222;971,2294;683,14408;*
1116;1116,1138;1070,1222;971,2294;683,14408;*
1122;1116,1138;1070,1222;971,2294;683,14408;*
1128;1116,1138;1070,1222;971,2294;683,14408;*
1132;1116,1138;1070,1222;971,2294;683,14408;*
1138;1116,1138;1070,1222;971,2294;683,14408;*
1152;1152,1174;1070,1222;971,2294;683,14408;*
1154;1152,1174;1070,1222;971,2294;683,14408;*
1160;1152,1174;1070,1222;971,2294;683,14408;*
1161;1152,1174;1070,1222;971,2294;683,14408;*
1174;1152,1174;1070,1222;971,2294;683,14408;*
1180;1180,1222;1070,1222;971,2294;683,14408;*
1185;1180,1222;1070,1222;971,2294;683,14408;*
1213;1180,1222;1070,1222;971,2294;683,14408;*
1215;1180,1222;1070,1222;971,2294;683,14408;*
1222;1180,1222;1070,1222;971,2294;683,14408;*
1231;1231,1256;1231,1421;971,2294;683,14408;*
1239;1231,1256;1231,1421;971,2294;683,14408;*
1246;1231,1256;1231,1421;971,2294;683,14408;*
1250;1231,1256;1231,1421;971,2294;683,14408;*
1256;1231,1256;1231,1421;971,2294;683,14408;*
1257;1257,1268;1231,1421;971,2294;683,14408;*
1263;1257,1268;1231,1421;971,2294;683,14408;*
1264;1257,1268;1231,1421;971,2294;683,14408;*
1265;1257,1268;1231,1421;971,2294;683,14408;*
1268;1257,1268;1231,1421;971,2294;683,14408;*
1269;1269,1331;1231,1421;971,2294;683,14408;*
1271;1269,1331;1231,1421;971,2294;683,14408;*
1277;1269,1331;1231,1421;971,2294;683,14408;*
1295;1269,1331;1231,1421;971,2294;683,14408;*
1331;1269,1331;1231,1421;971,2294;683,14408;*
1343;1343,1372;1231,1421;971,2294;683,14408;*
1344;1343,1372;1231,1421;971,2294;683,14408;*
1360;1343,1372;1231,1421;971,2294;683,14408;*
1371;1343,1372;1231,1421;971,2294;683,14408;*
1372;1343,1372;1231,1421;971,2294;683,14408;*
1375;1375,1421;1231,1421;971,2294;683,14408;*
1389;1375,1421;1231,1421;971,2294;683,14408;*
1414;1375,1421;1231,1421;971,2294;683,14408;*
1416;1375,1421;1231,1421;971,2294;683,14408;*
1421;1375,1421;1231,1421;971,2294;683,14408;*
1431;1431,1450;1431,1753;971,2294;683,14408;*
1432;1431,1450;1431,1753;971,2294;683,14408;*
1434;1431,1450;1431,1753;971,2294;683,14408;*
1443;1431,1450;1431,1753;971,2294;683,14408;*
1450;1431,1450;1431,1753;971,2294;683,14408;*
1458;1458,1510;1431,1753;971,2294;683,14408;*
1467;1458,1510;1431,1753;971,2294;683,14408;*
1478;1458,1510;1431,1753;971,2294;683,14408;*
1482;1458,1510;1431,1753;971,2294;683,14408;*
1510;1458,1510;1431,1753;971,2294;683,14408;*
1534;1534,1591;1431,1753;971,2294;683,14408;*
1542;1534,1591;1431,1753;971,2294;683,14408;*
1560;1534,1591;1431,1753;971,2294;683,14408;*
1571;1534,1591;1431,1753;971,2294;683,14408;*
1591;1534,1591;1431,1753;971,2294;683,14408;*
1602;1602,1638;1431,1753;971,2294;683,14408;*
1613;1602,1638;1431,1753;971,2294;683,14408;*
1614;1602,1638;1431,1753;971,2294;683,14408;*
1635;1602,1638;1431,1753;971,2294;683,14408;*
1638;1602,1638;1431,1753;971,2294;683,14408;*
1681;1681,1753;1431,1753;971,2294;683,14408;*
1713;1681,1753;1431,1753;971,2294;683,14408;*
1722;1681,1753;1431,1753;971,2294;683,14408;*
1748;1681,1753;1431,1753;971,2294;683,14408;*
1753;1681,1753;1431,1753;971,2294;683,14408;*
1793;1793,1828;1793,2294;971,2294;683,14408;*
1795;1793,1828;1793,2294;971,2294;683,14408;*
1797;1793,1828;1793,2294;971,2294;683,14408;*
1803;1793,1828;1793,2294;971,2294;683,14408;*
1828;1793,1828;1793,2294;971,2294;683,14408;*
1898;1898,1983;1793,2294;971,2294;683,14408;*
1914;1898,1983;1793,2294;971,2294;683,14408;*
1934;1898,1983;1793,2294;971,2294;683,14408;*
1943;1898,1983;1793,2294;971,2294;683,14408;*
1983;1898,1983;1793,2294;971,2294;683,14408;*
1989;1989,2083;1793,2294;971,2294;683,14408;*
2010;1989,2083;1793,2294;971,2294;683,14408;*
2029;1989,2083;1793,2294;971,2294;683,14408;*
2030;1989,2083;1793,2294;971,2294;683,14408;*
2083;1989,2083;1793,2294;971,2294;683,14408;*
2088;2088,2191;1793,2294;971,2294;683,14408;*
2113;2088,2191;1793,2294;971,2294;683,14408;*
2130;2088,2191;1793,2294;971,2294;683,14408;*
2133;2088,2191;1793,2294;971,2294;683,14408;*
2191;2088,2191;1793,2294;971,2294;683,14408;*
2214;2214,2294;1793,2294;971,2294;683,14408;*
2224;2214,2294;1793,2294;971,2294;683,14408;*
2230;2214,2294;1793,2294;971,2294;683,14408;*
2232;2214,2294;1793,2294;971,2294;683,14408;*
2294;2214,2294;1793,2294;971,2294;683,14408;*
2358;2358,2591;2358,4159;2358,14408;683,14408;*
2424;2358,2591;2358,4159;2358,14408;683,14408;*
2469;2358,2591;2358,4159;2358,14408;683,14408;*
2541;2358,2591;2358,4159;2358,14408;683,14408;*
2591;2358,2591;2358,4159;2358,14408;683,14408;*
2677;2677,3019;2358,4159;2358,14408;683,14408;*
2730;2677,3019;2358,4159;2358,14408;683,14408;*
2810;2677,3019;2358,4159;2358,14408;683,14408;*
2999;2677,3019;2358,4159;2358,14408;683,14408;*
3019;2677,3019;2358,4159;2358,14408;683,14408;*
3107;3107,3423;2358,4159;2358,14408;683,14408;*
3125;3107,3423;2358,4159;2358,14408;683,14408;*
3235;3107,3423;2358,4159;2358,14408;683,14408;*
3289;3107,3423;2358,4159;2358,14408;683,14408;*
3423;3107,3423;2358,4159;2358,14408;683,14408;*
3495;3495,3618;2358,4159;2358,14408;683,14408;*
3521;3495,3618;2358,4159;2358,14408;683,14408;*
3553;3495,3618;2358,4159;2358,14408;683,14408;*
3590;3495,3618;2358,4159;2358,14408;683,14408;*
3618;3495,3618;2358,4159;2358,14408;683,14408;*
3727;3727,4159;2358,4159;2358,14408;683,14408;*
3974;3727,4159;2358,4159;2358,14408;683,14408;*
4106;3727,4159;2358,4159;2358,14408;683,14408;*
4120;3727,4159;2358,4159;2358,14408;683,14408;*
4159;3727,4159;2358,4159;2358,14408;683,14408;*
4504;4504,4889;4504,14408;2358,14408;683,14408;*
4543;4504,4889;4504,14408;2358,14408;683,14408;*
4632;4504,4889;4504,14408;2358,14408;683,14408;*
4862;4504,4889;4504,14408;2358,14408;683,14408;*
4889;4504,4889;4504,14408;2358,14408;683,14408;*
5098;5098,7183;4504,14408;2358,14408;683,14408;*
5256;5098,7183;4504,14408;2358,14408;683,14408;*
5935;5098,7183;4504,14408;2358,14408;683,14408;*
6108;5098,7183;4504,14408;2358,14408;683,14408;*
7183;5098,7183;4504,14408;2358,14408;683,14408;*
7376;7376,14408;4504,14408;2358,14408;683,14408;*
7702;7376,14408;4504,14408;2358,14408;683,14408;*
9279;7376,14408;4504,14408;2358,14408;683,14408;*
13544;7376,14408;4504,14408;2358,14408;683,14408;*
14408;7376,14408;4504,14408;2358,14408;683,14408;*
